100 50 500
78 68
16 84
79 42
19 0
90 51
91 16
55 93
8 18
40 59
60 37
81 69
41 51
93 61
25 43
73 92
85 57
76 8
97 40
43 69
86 49
43 78
35 74
1 72
16 70
79 19
97 67
9 49
40 36
9 67
40 45
73 60
52 37
25 20
93 56
86 17
62 96
34 25
97 26
14 19
76 3
84 93
65 3
32 64
32 73
66 75
43 82
89 49
28 39
63 24
36 70
6 29
69 94
41 32
81 77
54 60
39 71
51 54
24 46
67 26
12 90
1 62
24 73
71 5
35 82
28 43
36 65
40 26
5 68
6 42
41 9
40 44
81 63
61 94
85 24
10 30
25 28
51 40
3 0
67 3
86 16
12 76
87 79
35 41
86 34
59 17
76 69
82 9
90 22
28 47
88 98
65 96
48 25
6 19
7 91
92 77
27 69
44 0
93 14
91 81
51 35
23 62
51 44
20 75
1 52
88 66
68 60
48 11
40 7
9 38
29 16
77 65
61 75
8 69
0 74
93 36
75 86
19 96
31 61
84 64
4 53
96 38
67 2
84 82
12 75
87 78
87 87
1 56
37 77
45 90
14 84
88 70
15 67
62 8
98 92
27 50
73 26
42 66
74 18
23 43
13 8
31 65
44 84
95 77
64 80
59 11
34 76
76 54
77 19
16 49
92 17
18 58
7 67
98 87
61 56
30 59
54 26
8 59
19 68
30 77
96 10
84 54
32 25
72 61
76 31
33 97
2 91
22 69
99 51
14 74
5 25
18 62
62 16
23 15
95 31
40 95
66 4
84 49
41 87
95 67
87 63
34 66
99 46
34 75
57 49
9 9
26 70
90 73
73 2
95 17
12 10
41 46
72 24
33 51
52 73
45 34
53 47
76 12
44 78
57 17
2 81
53 65
76 39
38 22
68 44
55 74
79 59
91 24
59 90
62 6
82 91
83 65
6 92
87 35
34 38
1 13
14 41
49 8
57 30
77 8
24 91
98 40
67 71
86 84
98 49
97 93
8 3
71 41
42 5
55 96
90 72
28 88
11 26
44 50
44 59
88 4
22 31
56 33
25 73
37 38
38 3
74 87
45 51
32 81
67 48
67 57
18 15
14 63
38 30
79 31
1 93
78 75
63 32
30 7
79 58
30 16
19 25
9 88
6 73
72 27
62 99
51 62
78 34
74 82
85 82
22 53
90 26
86 74
82 22
18 28
7 37
75 19
52 17
63 63
33 22
41 35
60 48
21 66
73 67
25 36
44 49
62 94
20 88
32 71
35 67
78 56
36 68
63 40
61 79
69 92
21 52
33 26
62 62
93 40
2 20
74 36
93 49
20 74
51 52
14 12
14 21
86 37
24 62
99 83
70 47
88 83
48 28
48 37
69 78
50 74
33 3
75 18
42 70
62 48
0 91
2 33
22 20
54 89
53 93
59 24
16 62
96 82
90 11
47 40
7 4
38 86
58 64
9 59
40 37
7 89
73 34
58 82
21 42
33 7
19 72
93 30
2 10
4 56
74 53
87 72
85 53
51 51
66 58
32 56
53 88
43 65
46 67
99 82
92 52
49 90
27 62
42 69
44 11
74 12
25 7
62 56
12 64
31 77
78 9
47 3
78 18
47 12
89 27
28 8
36 39
80 36
65 84
92 38
68 80
58 45
9 40
79 86
73 24
50 77
19 80
24 24
13 24
53 60
89 4
87 71
47 7
72 91
24 51
21 0
18 65
15 78
98 94
30 39
15 87
0 44
82 95
31 22
8 75
95 43
24 19
70 4
97 88
80 35
81 0
38 66
49 75
27 38
82 81
8 43
62 23
73 23
94 55
12 13
54 28
84 29
91 77
85 6
74 15
52 67
31 44
4 27
83 82
1 3
43 18
44 72
96 21
95 56
87 70
65 33
64 86
69 3
86 83
67 88
57 65
92 32
15 68
91 36
30 29
7 73
79 98
73 27
60 57
72 40
60 93
16 23
99 39
57 33
2 97
46 33
68 42
89 74
89 83
8 6
47 86
82 80
64 22
23 30
4 35
45 36
72 62
22 43
10 78
34 45
56 63
74 99
66 95
15 22
69 2
15 40
86 91
55 85
55 94
11 15
17 95
95 14
72 21
41 52
23 16
4 12
6 94
95 41
76 9
34 40
13 84
13 93
69 6
49 37
47 67
18 40
55 89
91 21
30 14
71 52
75 13
82 61
83 26
21 51
94 44
75 40
93 57
87 32
2 46
25 48
56 35
57 18
66 94
69 75 52 57
43 80 61 39
46 28 33 32
5 21 26 97
79 49 30 33
20 57 38 67
70 80 35 43
41 31 72 3
76 63 11 50
76 46 14 27
53 74 82 92
72 89 55 28
75 77 41 57
81 41 17 32
47 70 83 98
61 11 26 61
72 98 47 1
58 35 58 92
18 77 80 37
47 25 56 8
15 42 85 28
89 18 24 52
89 39 7 24
13 5 0 80
67 6 41 40
98 43 27 58
80 2 47 39
37 22 72 0
48 52 79 3
35 0 93 79
7 19 73 29
77 49 54 41
36 73 43 23
81 59 86 35
34 54 86 64
12 12 63 4
31 46 38 72
43 39 14 70
45 41 58 28
8 37 59 42
48 22 66 52
34 36 21 71
5 36 17 73
24 38 39 68
44 45 44 45
50 13 69 35
71 19 50 0
8 42 10 41
29 38 12 8
58 75 15 66
