6 75 4 6 92 63 89 35 44 71 96 60 16 61 79 41 98 3 12 14 8 73 40 62 65 73 66 9 45 52 31 51 28 87 9 20 2 50 7 47 21 55 59 90 17 38 31 15 42 95 81 2 21 22 64 86 47 82 47 92 35 30 95 63 17 4 35 19 54 42 18 28 49 77 70 66 68 53 34 62 49 15 64 70 89 80 8 37 62 55 81 97 37 77 12 54 33 99 25 88 
41 96 68 43 25 38 9 93 91 43 7 40 11 23 62 0 3 70 89 66 77 71 15 14 0 80 20 33 79 98 21 73 94 41 16 71 79 77 65 71 21 24 63 84 48 78 84 51 0 26 69 78 97 37 44 97 17 17 30 48 15 4 21 61 45 89 32 77 67 49 48 40 74 63 24 22 41 8 25 42 34 95 72 83 84 68 32 1 37 15 49 52 19 23 65 16 12 50 93 31 
99 93 71 25 9 95 99 50 56 77 44 42 72 68 26 8 89 58 9 26 73 10 79 44 85 96 13 98 46 6 29 98 52 53 75 61 48 27 63 4 4 60 47 28 80 73 36 69 83 45 96 9 7 27 5 93 23 18 43 22 77 24 72 29 77 47 42 26 74 57 30 30 17 29 58 98 54 94 19 38 91 15 99 99 42 4 44 18 23 87 40 0 11 64 81 89 11 23 15 38 
80 97 20 50 79 79 0 33 73 19 23 17 35 22 16 29 27 60 47 2 99 87 54 10 51 35 51 15 10 18 5 42 16 25 92 95 56 44 80 30 64 4 47 51 26 15 80 5 27 28 7 26 67 13 88 71 48 40 38 10 58 43 53 26 20 97 73 77 42 54 59 58 58 58 61 84 25 41 42 52 21 1 30 89 15 18 12 15 10 50 26 69 45 79 95 65 76 69 94 70 
23 5 28 33 63 89 69 88 83 11 92 4 13 22 45 28 93 9 43 3 59 69 24 4 0 72 22 77 41 68 47 16 74 28 1 89 17 70 78 52 82 22 9 47 97 6 75 42 16 70 45 75 92 22 32 44 94 6 21 87 26 21 55 0 49 56 90 18 78 20 23 60 42 32 7 91 38 34 33 6 57 31 34 1 53 66 45 99 24 19 86 50 40 93 3 41 1 93 11 79 
65 86 40 59 18 99 51 9 86 36 15 95 67 49 96 20 67 93 71 43 12 9 94 4 2 97 97 3 42 61 83 59 47 75 18 66 26 21 27 12 58 94 59 25 44 7 98 63 1 21 7 65 31 53 70 33 50 19 89 44 80 72 3 28 99 73 46 25 47 73 90 5 67 49 82 63 9 32 79 10 54 38 27 85 91 49 70 93 69 59 89 49 31 92 77 30 17 23 8 64 
48 98 21 68 99 56 31 8 40 62 70 94 0 98 31 91 47 2 36 16 61 25 66 45 69 95 27 87 71 35 3 19 85 77 87 85 85 71 93 25 85 64 20 86 14 51 29 61 5 18 78 19 43 96 16 13 91 43 52 14 31 7 86 16 36 73 53 21 96 47 47 34 63 19 20 77 22 1 90 28 19 68 47 63 16 15 28 60 58 32 74 41 91 60 10 28 86 63 49 34 
62 48 68 77 67 88 54 90 42 45 18 61 65 17 76 82 32 56 94 42 88 68 84 80 29 94 60 15 9 9 1 72 58 70 49 25 10 56 15 52 53 85 66 70 54 42 4 38 51 98 81 39 67 17 71 96 63 31 63 72 93 64 44 3 86 94 28 97 2 96 49 55 33 67 25 40 62 30 78 13 28 59 52 47 28 76 43 91 7 58 64 52 75 8 55 61 54 36 10 56 
84 12 63 69 79 41 9 41 71 88 54 51 99 59 99 28 35 94 19 94 5 83 99 80 44 54 93 98 42 56 7 26 68 70 96 99 11 5 41 34 45 47 86 45 6 37 73 93 31 92 40 36 28 39 68 72 45 14 22 88 70 29 66 90 52 62 89 15 20 82 50 65 30 88 62 88 77 35 34 8 80 74 97 60 65 17 32 62 83 54 50 5 36 69 95 40 83 37 55 3 
19 57 21 49 97 83 90 74 71 24 35 3 50 84 63 67 1 47 29 85 53 32 90 89 1 38 81 84 75 37 40 94 46 61 96 96 96 86 22 19 62 57 22 12 41 37 79 95 84 8 32 38 40 74 79 93 12 61 30 39 50 70 86 48 83 82 44 79 20 67 51 82 76 25 46 70 63 25 65 47 85 49 85 78 23 17 71 88 78 1 27 80 23 13 28 6 47 73 38 19 
92 89 53 68 14 99 38 77 24 55 77 10 4 14 88 80 31 11 68 61 65 47 41 88 13 70 95 12 95 33 32 87 74 37 55 40 37 46 70 61 53 47 23 10 13 63 90 45 75 10 58 40 9 0 28 22 22 75 87 17 8 71 4 34 8 11 75 45 57 45 59 11 44 82 21 57 98 63 54 73 25 13 65 34 65 45 9 87 21 96 56 81 67 60 16 75 71 43 21 81 
40 32 92 84 66 65 93 64 80 0 37 5 65 54 91 30 0 0 69 21 96 25 2 15 37 70 91 8 13 64 89 5 96 33 41 62 50 35 79 30 35 16 87 52 23 31 82 23 31 3 44 80 80 98 95 17 69 38 77 34 2 67 40 50 52 81 65 55 68 44 37 55 12 25 7 35 56 41 10 39 96 54 19 76 5 15 93 26 53 23 12 8 42 52 10 94 86 75 49 6 
71 87 62 84 64 21 71 72 63 82 11 59 88 83 88 93 50 33 19 3 56 84 63 98 36 74 45 74 49 46 81 21 85 95 57 1 68 28 73 31 10 37 43 51 20 83 44 70 16 16 25 25 0 89 23 88 63 20 15 64 67 48 37 52 43 94 54 11 75 79 95 37 16 90 88 88 73 85 10 41 1 88 66 53 29 42 93 92 62 8 8 29 56 46 34 51 92 40 15 19 
19 62 57 88 4 97 28 29 82 91 70 35 79 89 88 8 31 34 52 93 42 60 75 51 58 61 54 3 1 21 22 72 35 31 60 39 29 41 20 63 32 91 99 11 32 39 71 63 73 23 8 16 35 83 19 46 44 25 1 97 47 23 70 34 7 82 74 36 23 46 99 55 89 50 18 21 90 89 84 63 12 93 31 0 28 2 46 25 28 47 74 27 22 44 61 29 27 87 17 2 
34 69 58 23 71 76 45 61 66 81 77 30 26 8 30 7 11 28 84 91 27 58 70 50 55 31 31 82 71 1 36 5 22 94 80 93 23 77 7 89 59 84 71 37 44 2 44 7 82 28 98 10 39 68 12 94 52 95 76 23 96 64 80 70 59 60 16 82 90 23 23 1 59 94 38 3 48 83 11 31 63 9 41 2 30 5 96 82 0 24 5 49 89 37 19 0 49 87 82 39 
62 57 40 21 51 79 25 0 14 36 83 29 97 76 32 27 81 80 61 81 5 18 30 46 55 2 46 5 89 80 44 4 89 37 25 40 16 50 92 82 86 27 11 36 3 43 63 84 76 25 18 33 43 48 79 51 2 77 56 44 9 52 48 98 89 73 90 57 76 35 39 62 62 51 98 66 46 14 2 22 91 20 7 86 21 38 37 75 67 45 19 76 98 19 26 39 93 17 97 69 
4 36 83 66 39 34 84 86 0 39 60 91 59 68 77 32 58 67 8 26 12 79 2 62 99 81 2 44 98 51 65 54 87 48 20 27 34 57 65 34 96 77 77 55 45 7 40 4 26 0 82 38 79 84 53 78 17 7 74 67 58 39 21 45 40 42 24 74 99 41 61 47 19 90 54 16 49 94 72 75 94 54 66 74 91 19 4 8 26 79 76 84 70 97 81 10 91 58 85 42 
99 98 89 18 40 44 35 90 38 7 65 85 14 31 11 5 50 67 13 28 98 89 64 69 39 98 79 30 56 16 73 7 66 62 26 7 6 13 97 97 72 62 34 86 46 45 91 48 64 5 77 63 46 93 32 85 91 63 16 99 80 41 7 98 3 85 5 62 98 2 11 22 17 45 9 63 42 0 63 6 57 92 21 56 86 5 93 29 69 9 29 1 50 88 99 6 73 57 68 23 
11 79 45 28 76 6 43 18 59 7 76 68 99 98 24 37 3 18 67 24 79 48 25 82 36 77 88 61 34 8 36 97 87 33 26 63 40 21 33 99 80 9 67 32 59 44 69 63 62 88 87 93 36 65 75 24 94 63 37 80 71 73 77 10 7 55 25 99 77 10 98 9 20 17 41 31 61 11 94 75 51 34 69 88 51 44 64 45 60 2 25 83 27 54 46 86 10 71 85 87 
34 83 96 54 53 90 37 14 53 32 42 4 18 11 44 69 7 9 66 19 63 91 3 42 97 1 29 7 72 14 46 58 50 95 64 3 85 2 69 38 34 11 94 4 74 39 73 82 0 39 1 15 82 56 57 79 57 86 87 82 53 33 40 3 28 5 58 65 7 27 3 93 91 50 97 65 89 22 99 41 61 53 56 95 9 65 26 19 4 65 53 57 51 93 12 31 50 22 97 9 
1 52 2 92 2 51 10 43 73 9 84 86 62 92 81 24 10 8 95 14 73 48 23 76 93 87 8 96 9 5 5 10 57 60 55 12 11 65 55 85 26 92 71 41 84 5 17 94 13 12 60 38 12 83 15 5 22 75 1 31 80 59 94 89 19 49 1 30 66 9 15 44 1 39 37 37 44 54 84 9 18 96 99 82 32 66 40 54 41 93 86 73 52 80 63 71 81 16 54 99 
25 21 43 78 60 33 68 56 87 52 65 58 48 17 40 80 83 80 87 25 74 73 98 26 5 13 50 38 82 4 37 59 25 32 38 38 65 6 94 5 10 60 63 10 77 55 43 12 36 30 89 62 55 40 40 60 53 90 98 35 46 87 95 72 19 85 10 37 43 56 42 5 68 57 15 45 12 10 10 0 92 99 62 47 39 3 59 45 45 9 32 92 48 27 64 68 64 26 57 7 
82 99 64 51 8 32 48 20 42 10 73 87 10 35 34 49 90 46 46 36 55 79 28 4 58 44 24 23 22 33 82 56 32 47 59 92 79 60 64 73 70 37 60 80 73 95 82 15 93 28 51 0 59 31 4 18 27 80 41 49 13 75 58 97 22 17 41 53 29 6 27 0 43 87 32 68 34 66 84 27 47 35 28 6 67 84 24 46 17 17 96 30 93 6 80 15 23 21 69 53 
27 96 5 23 35 37 91 70 4 75 97 51 11 25 57 30 62 34 76 79 51 24 61 44 30 93 60 6 15 81 11 94 29 16 69 64 53 61 34 9 36 84 60 99 61 70 81 23 4 10 2 55 34 64 52 17 57 64 23 24 45 86 71 26 2 40 90 7 1 77 17 90 61 29 89 22 99 71 46 55 33 0 63 67 16 15 36 26 79 11 50 76 97 73 2 99 66 44 59 19 
21 76 9 34 57 51 57 9 74 55 64 7 55 79 26 24 94 63 50 25 74 52 1 72 26 3 23 44 0 82 63 21 10 25 8 68 76 65 77 50 72 93 9 79 73 35 3 67 98 53 93 25 58 46 49 84 2 72 80 2 7 43 75 17 68 83 85 44 0 62 46 72 8 7 4 81 43 7 48 93 13 93 70 71 40 19 7 94 44 39 96 51 82 71 20 3 55 6 99 7 
20 46 80 28 5 36 9 48 43 10 94 8 55 64 31 47 36 90 41 80 29 37 83 64 61 3 67 68 9 66 75 82 64 7 62 70 43 24 70 39 34 16 99 89 81 31 37 69 73 30 49 55 68 32 19 29 35 38 49 97 4 24 31 21 32 93 43 27 17 13 66 3 30 66 45 63 49 34 32 74 64 33 29 84 17 0 65 4 38 14 53 95 39 84 68 23 30 11 50 99 
76 17 55 58 35 0 21 36 86 5 10 50 90 40 87 7 92 52 12 31 67 65 78 6 50 46 81 32 9 31 31 85 0 86 44 35 38 17 71 24 75 34 27 65 26 14 73 18 66 37 1 85 2 31 91 4 77 24 36 38 56 20 24 56 58 20 44 97 89 67 73 64 1 0 30 27 14 55 98 33 92 51 18 46 83 62 51 12 86 39 51 94 59 75 51 70 47 47 67 36 
14 40 1 68 93 83 47 59 90 97 92 34 49 63 80 32 25 83 44 63 23 95 58 34 22 61 4 69 8 23 58 74 64 59 94 57 94 42 68 36 39 61 22 88 24 2 72 1 38 17 16 61 12 74 47 87 87 4 56 95 27 14 22 43 25 16 52 71 10 21 59 50 34 81 90 10 84 63 63 74 32 79 35 96 6 34 83 93 38 40 41 18 6 63 13 84 79 66 7 90 
39 67 92 73 48 34 83 84 49 46 58 81 77 45 78 83 32 13 77 70 53 18 40 12 81 54 48 12 72 55 54 11 22 98 84 23 33 19 7 34 65 18 68 94 63 46 78 95 59 55 18 65 25 58 29 58 64 77 22 36 32 77 99 7 75 35 30 60 54 37 47 71 55 15 66 71 13 44 66 72 51 36 89 76 47 70 86 11 47 8 0 32 85 51 39 13 87 21 25 41 
10 72 65 18 39 31 89 52 27 7 77 78 96 66 6 43 37 92 6 36 0 58 20 38 10 11 3 97 32 28 90 43 53 55 61 92 86 2 97 65 9 74 95 5 92 1 0 81 45 7 18 98 65 38 36 75 2 91 24 34 71 15 77 24 70 90 69 9 92 66 74 54 92 70 11 84 23 12 66 69 19 36 67 36 74 55 12 76 46 36 63 17 51 92 94 74 83 15 83 75 
33 57 81 25 79 93 9 3 5 27 72 24 63 91 60 90 98 24 18 44 13 81 13 16 74 7 90 57 74 73 84 7 83 66 32 62 11 94 65 16 21 89 92 85 80 4 75 78 81 93 74 94 27 88 62 1 47 53 10 74 78 46 81 61 64 66 76 75 12 41 91 33 31 83 70 63 40 97 94 21 43 68 15 70 8 29 23 8 82 33 82 13 31 15 74 96 81 50 71 45 
44 15 31 27 50 1 90 90 51 84 11 94 53 78 16 13 8 39 21 42 24 55 55 55 71 82 51 52 32 75 50 28 90 81 55 40 82 46 83 85 30 94 31 35 25 47 1 85 38 22 27 14 78 35 22 49 17 73 53 1 0 3 30 90 84 85 83 19 83 66 4 66 12 88 53 37 35 54 22 26 77 2 92 7 37 14 8 6 40 61 7 40 17 89 83 53 27 66 72 10 
32 29 28 44 69 82 34 56 88 8 82 65 62 75 24 51 89 32 57 29 46 17 22 63 6 5 68 33 71 93 96 55 74 24 51 43 58 85 99 47 94 82 64 8 9 89 60 50 73 69 32 19 86 54 34 93 59 3 78 82 96 26 37 22 3 88 65 61 26 64 60 20 98 25 80 59 66 40 10 39 10 94 59 96 48 45 41 59 48 72 41 96 98 30 18 1 18 35 15 44 
0 75 16 50 52 49 10 18 89 72 58 51 66 69 0 66 14 41 25 15 65 18 63 16 48 34 69 18 69 84 15 69 12 83 20 64 32 82 83 74 54 41 25 20 62 25 86 28 19 63 43 36 33 7 52 81 41 22 51 62 6 18 32 18 2 4 83 86 86 18 60 92 11 38 64 73 15 2 1 34 65 97 71 98 56 23 31 49 97 34 11 4 53 95 74 7 99 9 93 37 
27 6 29 38 96 93 63 11 95 65 46 12 14 69 62 70 44 93 71 42 80 82 98 33 78 24 40 29 34 85 67 61 43 48 52 39 94 15 51 41 32 49 6 46 70 68 68 14 14 39 8 94 74 6 79 52 31 19 33 17 56 52 78 52 1 82 91 47 98 94 88 82 95 46 81 65 15 49 32 29 41 40 75 15 99 54 19 30 25 4 47 33 57 77 85 58 12 77 57 10 
23 97 44 19 44 25 84 59 27 16 40 68 57 67 35 56 21 6 38 98 10 37 31 67 66 17 77 78 46 34 40 69 32 85 88 28 10 25 87 89 41 79 57 50 46 44 58 19 50 48 69 61 85 0 80 52 69 58 82 15 44 23 37 28 8 25 56 70 2 95 12 96 74 69 46 72 14 57 43 16 5 12 29 43 13 10 47 34 20 29 50 16 52 87 45 12 64 53 35 67 
49 47 63 75 68 61 0 34 18 43 51 76 8 32 19 73 42 66 7 14 47 9 31 0 96 28 64 13 81 51 32 82 50 95 58 19 8 10 53 79 5 56 55 13 89 26 86 83 92 46 98 39 55 81 91 4 9 8 17 90 59 1 73 10 48 83 81 56 93 34 35 98 43 42 64 84 68 2 19 12 48 17 4 56 50 95 60 59 3 29 2 15 30 27 77 78 10 58 86 55 
92 74 5 87 16 69 23 85 72 43 49 72 12 53 28 63 49 40 74 4 69 76 71 51 55 48 81 65 6 68 72 51 42 30 90 10 99 14 47 23 57 97 48 69 50 76 32 51 69 7 8 38 35 79 90 91 80 71 8 38 91 33 89 85 63 80 96 14 46 43 90 3 40 38 72 91 66 57 94 35 16 2 26 3 34 16 46 14 39 55 52 83 40 94 68 3 26 64 69 72 
8 59 27 0 97 51 91 16 8 86 51 76 40 77 80 74 45 26 40 37 33 45 20 25 39 40 28 17 5 50 41 65 9 68 65 59 19 9 75 80 47 78 8 87 8 40 62 53 19 54 42 4 99 14 30 90 55 10 7 12 60 48 77 70 68 42 81 40 3 56 72 50 86 80 38 94 21 52 48 92 6 42 96 6 57 26 96 12 37 56 24 97 56 53 19 25 47 0 17 51 
8 89 1 95 21 39 89 94 43 89 86 50 84 83 8 41 9 4 5 46 60 81 96 17 34 67 94 81 68 11 84 28 52 86 75 73 77 65 68 21 6 54 23 90 37 31 83 99 35 88 97 48 69 93 17 55 61 11 89 81 74 73 61 26 11 37 51 89 54 19 62 60 26 85 3 15 68 86 14 55 27 64 3 48 57 72 56 70 35 45 3 9 70 65 87 82 54 39 23 8 
10 85 68 36 22 23 4 90 62 70 45 41 34 1 89 44 25 45 66 61 42 70 22 13 87 62 95 41 1 18 49 63 55 69 52 29 45 56 19 7 78 16 48 13 69 89 9 47 87 75 8 29 97 82 94 84 44 41 77 45 11 78 61 66 0 13 95 45 69 66 52 47 35 52 12 56 41 21 3 80 49 63 10 46 46 56 83 90 98 12 88 9 91 49 28 43 14 75 88 83 
42 92 82 29 44 47 37 37 20 41 18 69 56 80 68 2 36 51 45 34 15 85 96 58 86 24 1 0 99 89 35 93 33 69 74 29 16 12 19 37 5 37 58 61 69 26 64 57 29 61 92 97 98 40 55 84 64 57 36 15 98 71 9 32 92 35 13 9 47 32 98 52 21 8 14 90 87 30 48 16 91 92 65 41 32 21 25 48 30 13 63 28 84 24 12 28 60 78 89 59 
10 87 64 32 48 78 74 35 60 74 3 3 18 69 44 2 42 69 50 72 82 66 52 18 42 17 46 54 95 88 14 57 75 30 89 75 8 16 10 68 42 66 71 61 35 67 63 29 36 66 1 70 32 5 40 26 22 38 81 17 26 47 75 54 77 16 29 37 84 92 57 27 58 80 40 45 47 3 74 35 69 27 57 53 32 97 80 55 87 13 24 14 12 51 20 41 20 1 78 4 
93 87 83 3 67 23 0 14 79 26 1 48 53 58 54 86 7 86 93 94 99 17 8 63 21 80 4 41 82 34 97 75 21 81 31 88 56 31 54 35 58 55 84 63 13 90 49 20 76 94 66 75 64 75 38 85 7 94 26 89 28 23 17 49 56 48 37 13 31 43 48 89 98 84 53 63 74 54 35 2 49 1 77 13 28 67 50 36 61 76 77 41 51 94 90 60 42 79 25 74 
22 73 15 72 10 20 35 36 75 22 39 76 76 68 41 4 88 91 92 1 19 70 43 22 64 33 82 59 65 7 85 87 33 0 60 95 21 47 31 48 22 22 24 98 43 17 54 31 8 47 32 27 69 27 49 33 13 84 44 78 91 29 17 76 82 29 71 55 77 55 3 99 77 79 49 20 96 3 3 56 2 88 35 71 15 84 57 28 20 1 58 64 83 76 40 65 5 12 20 34 
19 75 85 96 54 34 69 2 90 24 10 92 12 45 64 28 29 21 8 2 74 67 66 57 95 6 74 52 70 46 87 89 21 72 38 27 59 59 81 49 83 91 93 96 36 57 76 18 30 84 20 57 3 86 66 50 44 93 3 67 39 90 56 61 14 46 88 25 57 70 26 93 13 20 89 50 29 17 68 12 53 88 69 57 26 87 7 70 80 62 37 20 52 46 33 19 44 21 44 54 
43 23 47 57 43 36 59 24 5 27 36 58 67 57 67 93 97 27 15 77 89 5 49 94 3 82 13 47 56 9 1 51 32 48 60 27 36 19 4 93 46 92 52 13 2 19 58 99 46 74 76 36 31 26 82 34 60 95 33 16 56 87 68 41 87 28 20 24 48 24 17 46 17 21 60 19 41 70 70 39 44 46 27 27 24 9 61 37 56 95 53 13 82 21 54 69 2 74 45 50 
99 15 48 68 36 8 39 29 31 9 69 27 7 48 55 84 58 16 21 14 11 74 27 45 48 33 15 2 8 12 52 59 27 0 79 16 61 18 45 92 79 14 71 86 63 26 22 73 43 43 87 6 70 67 52 70 52 19 72 60 31 76 71 11 28 50 27 41 20 72 85 99 39 57 38 54 83 60 27 26 56 66 85 26 85 37 48 38 8 20 50 39 96 22 2 24 24 29 18 45 
2 3 96 93 60 34 47 44 95 26 22 51 92 7 29 30 96 77 68 56 97 18 96 45 92 50 21 69 80 39 14 34 95 10 27 55 97 74 51 44 0 74 47 92 33 76 74 82 5 42 38 54 13 86 51 57 37 72 26 69 64 40 3 59 3 30 66 52 4 18 96 4 44 43 48 29 71 23 11 76 17 2 82 30 40 33 40 77 5 66 46 21 59 49 32 14 79 99 66 35 
69 62 91 13 57 40 94 80 15 58 56 84 60 38 67 0 23 7 30 28 73 28 2 32 30 34 46 9 85 64 97 54 78 88 67 35 80 62 15 47 20 23 32 32 13 51 84 36 58 14 17 83 43 19 16 73 5 14 34 91 31 83 97 9 72 65 45 4 79 12 52 51 88 36 35 1 87 19 90 97 86 7 80 29 78 48 54 35 63 40 78 94 76 76 55 48 93 52 4 24 
65 8 75 5 44 62 58 83 81 48 80 67 7 61 48 37 9 54 73 24 47 3 70 23 79 26 23 72 78 27 96 95 36 23 0 32 85 59 16 19 59 96 38 67 9 39 56 19 93 81 95 92 85 66 15 16 44 38 89 22 18 37 70 54 13 22 86 50 81 54 21 93 51 60 60 12 99 68 31 44 50 27 37 35 45 4 51 89 43 92 63 61 82 33 67 95 56 5 97 89 
60 19 82 63 31 94 75 30 63 59 26 13 38 15 0 83 20 3 72 63 96 87 76 30 21 95 25 29 0 74 18 12 93 53 75 76 47 51 58 62 10 85 27 48 0 27 83 72 31 7 35 79 94 63 9 67 10 86 96 11 60 67 23 6 20 51 82 19 2 41 34 64 78 61 64 30 89 99 3 72 6 90 51 0 6 60 68 16 46 16 27 58 83 3 16 55 54 51 27 8 
44 61 24 22 22 88 52 63 87 7 35 45 98 86 45 4 98 65 20 96 34 0 55 17 55 71 25 9 74 52 69 18 13 93 40 87 33 45 51 72 52 86 17 2 25 14 58 23 32 31 20 66 31 27 35 38 50 60 99 25 64 68 43 77 13 36 17 46 81 68 70 85 54 87 40 79 53 98 55 85 29 75 3 12 2 39 2 52 99 1 29 64 21 73 93 34 9 10 32 42 
30 2 79 37 89 71 68 95 70 23 80 51 50 84 16 52 75 18 57 26 72 38 42 93 11 88 28 72 50 12 66 81 15 46 18 56 17 86 51 39 62 84 43 12 20 59 17 95 77 74 21 49 64 16 95 76 4 23 0 54 35 67 35 2 13 5 59 82 92 10 74 54 46 17 66 66 76 35 13 5 61 35 7 26 3 2 2 7 77 2 61 64 21 49 67 86 54 78 69 98 
40 95 52 87 12 71 53 40 6 67 97 20 54 4 46 57 58 48 16 35 2 77 52 24 78 71 10 33 49 31 31 89 78 36 76 90 59 82 82 17 49 80 37 55 84 83 64 95 83 80 82 38 9 34 14 88 57 76 73 6 8 4 48 86 92 24 29 3 58 11 73 7 91 62 14 28 46 78 23 81 58 5 19 68 92 85 8 49 62 81 8 22 37 56 8 82 32 89 85 91 
53 10 50 44 73 65 24 71 43 47 52 54 5 24 74 49 9 82 98 71 15 6 45 52 14 54 34 47 95 72 38 48 82 88 45 55 53 69 26 49 69 31 3 74 55 29 23 16 11 73 40 78 32 85 30 46 91 17 93 87 89 31 87 23 72 32 79 25 2 57 26 71 88 81 97 95 10 72 12 73 45 4 51 29 89 82 76 33 51 21 72 92 53 59 15 77 92 46 2 46 
4 81 69 44 62 66 40 73 90 4 46 87 60 98 17 49 32 45 82 35 66 6 27 71 66 42 48 10 41 3 56 97 84 25 41 46 43 33 19 85 89 18 72 49 68 41 51 52 86 85 87 53 92 14 24 58 8 73 68 1 76 24 98 12 1 92 58 96 77 30 81 67 48 53 16 68 95 19 20 81 5 59 86 97 73 63 7 33 36 75 35 64 51 85 76 4 77 86 0 55 
16 81 22 16 86 90 36 33 10 56 67 67 15 53 64 40 16 71 74 4 98 61 20 49 46 48 5 76 35 5 31 3 38 5 20 24 47 56 58 9 65 25 76 32 30 92 73 99 15 99 3 13 12 76 14 58 24 19 86 11 24 17 15 14 74 87 39 74 43 49 83 60 26 12 93 56 4 66 7 72 17 63 85 29 39 52 39 15 71 26 27 48 95 42 62 70 29 53 44 24 
2 79 85 80 91 78 37 48 96 44 20 13 7 57 94 98 9 33 14 33 59 41 81 55 35 95 77 64 49 21 88 3 52 25 84 44 55 73 44 51 69 64 16 29 73 62 27 83 96 93 68 7 86 49 14 21 96 91 85 45 64 26 1 17 3 37 13 59 10 57 62 31 73 79 60 46 93 40 81 89 33 49 49 20 50 63 93 47 7 79 44 71 57 45 40 60 82 5 19 44 
62 82 76 87 13 88 86 6 28 67 48 14 69 97 86 19 12 79 18 19 10 63 43 19 60 83 32 95 41 3 91 55 37 67 43 50 8 29 9 88 48 9 2 69 58 40 89 70 72 59 90 82 22 85 54 35 20 86 30 61 89 21 17 27 41 12 29 49 41 90 89 41 99 92 11 57 84 52 80 56 11 22 91 86 7 45 73 27 31 3 89 72 76 6 51 69 18 81 70 11 
23 60 4 75 4 15 84 88 19 64 45 83 86 36 69 93 33 42 21 16 97 62 88 25 20 40 47 90 73 17 1 48 29 57 23 33 25 8 74 44 72 19 27 59 7 48 4 92 90 77 8 39 39 48 17 59 40 64 1 65 33 2 14 63 12 37 96 37 45 22 81 70 41 61 29 0 9 85 44 52 63 52 43 54 53 60 14 93 24 15 59 58 70 25 21 34 62 69 71 60 
92 4 30 85 65 11 38 75 96 82 79 11 87 22 66 40 83 80 85 7 47 96 17 69 21 90 3 36 60 74 96 4 31 26 41 96 89 31 23 85 14 2 97 53 25 15 45 60 47 30 67 94 79 37 16 0 27 19 88 39 46 84 95 77 62 37 25 51 68 49 89 34 51 38 39 28 53 84 88 0 67 8 46 46 45 62 98 24 34 39 16 32 23 11 9 38 48 86 41 69 
35 82 55 39 20 95 67 25 79 8 77 98 16 24 96 13 38 95 89 72 34 5 56 9 17 17 99 17 4 41 38 39 23 94 78 96 41 98 21 20 6 99 71 74 75 67 39 65 14 80 38 0 86 46 10 55 64 61 24 68 2 63 7 26 9 38 74 50 36 95 22 94 46 93 20 73 13 11 39 27 91 29 28 29 75 90 36 39 51 61 7 6 76 67 84 85 5 58 87 93 
5 9 87 52 55 59 25 20 70 16 47 61 45 27 43 21 69 79 60 73 40 20 31 68 87 15 5 92 25 92 85 30 54 24 34 61 83 12 81 53 28 80 66 74 8 9 95 29 89 7 54 81 27 85 50 14 52 55 58 77 0 95 8 54 19 42 15 54 6 48 7 35 28 26 9 88 35 56 18 76 63 72 10 91 10 12 57 62 19 68 40 19 63 0 25 83 94 92 37 1 
40 97 36 69 23 97 57 10 53 27 39 16 52 1 59 62 13 69 76 84 37 68 56 0 20 81 35 15 26 25 68 66 22 56 87 97 53 97 59 58 76 98 26 28 99 86 42 64 55 71 49 44 39 5 44 60 38 80 27 64 57 95 83 31 3 22 28 8 71 87 66 48 38 92 76 89 78 71 54 85 42 55 29 33 60 26 93 50 58 72 67 15 19 2 46 22 76 26 30 48 
65 96 96 3 41 24 93 19 95 99 57 89 54 38 23 66 64 68 68 74 41 35 89 60 37 87 35 66 13 65 14 79 14 62 34 55 86 79 26 34 78 35 23 84 74 98 2 90 67 71 65 8 6 6 20 96 94 55 62 7 73 28 38 39 90 73 94 28 52 72 62 83 8 38 19 34 36 22 76 3 93 41 63 99 48 84 47 94 39 61 53 64 89 92 3 79 17 97 60 21 
22 22 4 82 12 24 16 1 98 44 4 91 86 20 42 86 4 90 32 95 51 85 60 41 29 63 72 46 13 32 68 87 7 24 69 71 0 37 72 98 81 29 89 19 49 32 5 53 22 89 0 25 75 60 18 4 76 43 51 41 27 71 28 34 95 97 6 96 86 30 94 67 59 84 87 8 68 44 13 42 34 14 67 61 26 38 65 2 81 68 95 8 39 23 95 35 72 53 83 58 
83 77 78 43 13 65 51 81 61 17 75 47 31 43 8 57 33 74 12 14 94 7 74 34 83 69 21 55 22 4 66 6 33 44 1 47 61 4 80 74 21 8 22 52 3 30 62 36 56 26 50 51 85 24 85 68 46 58 76 68 62 42 26 95 38 27 94 51 84 27 25 5 35 47 10 38 30 24 74 86 50 76 89 35 52 26 56 98 84 32 67 98 74 45 46 64 25 40 15 9 
19 40 66 54 40 28 44 22 52 70 60 54 46 50 42 99 28 98 49 13 82 68 63 8 14 9 72 91 50 87 52 21 79 18 76 71 47 72 93 51 43 54 58 41 56 52 40 84 2 42 49 84 10 13 92 76 22 16 67 24 55 19 46 34 90 74 58 89 46 51 40 89 57 50 83 13 2 23 50 4 17 99 40 28 12 32 4 87 48 24 11 3 43 57 90 85 83 48 74 30 
51 67 71 61 17 54 26 72 30 76 76 47 28 17 27 92 1 84 79 2 8 43 5 3 52 47 89 36 47 63 66 99 30 89 12 0 96 38 72 78 15 0 25 95 69 5 87 71 89 67 73 49 10 30 4 62 78 45 98 25 61 16 76 43 58 88 43 54 79 15 32 46 68 9 41 37 66 28 8 7 47 33 8 57 64 13 72 94 10 22 19 71 91 48 15 49 88 10 55 67 
78 39 13 46 0 54 83 67 35 44 26 82 77 35 40 41 0 64 35 10 86 7 82 29 7 49 78 95 59 85 15 37 76 28 83 77 35 19 96 70 63 22 52 40 57 44 34 57 8 69 20 47 28 2 76 35 3 7 83 62 92 98 0 69 78 35 98 13 54 94 83 17 68 88 10 26 32 44 35 93 65 7 40 46 9 16 33 64 23 16 27 68 14 79 37 45 66 87 58 21 
81 94 90 49 34 52 27 66 48 15 59 14 22 99 60 84 68 93 0 91 62 27 59 28 58 48 73 25 35 84 98 68 30 40 70 64 45 49 30 93 64 42 7 39 93 19 75 13 65 75 5 27 55 16 7 65 65 81 42 52 65 40 21 95 33 43 11 78 92 93 71 9 35 31 0 81 50 75 94 67 2 51 46 9 68 54 75 85 87 69 89 4 10 10 99 95 53 62 25 98 
55 96 7 43 79 7 76 82 34 70 49 88 74 48 50 42 2 77 79 89 46 68 93 8 31 44 3 36 6 28 34 13 77 93 56 8 0 32 90 86 55 40 75 29 40 77 23 42 54 2 83 0 22 76 9 5 72 64 42 30 45 28 43 74 22 52 82 74 84 73 13 39 65 88 20 5 17 43 99 71 97 82 71 20 10 32 77 82 97 19 64 94 0 7 68 74 59 50 48 96 
23 13 87 40 53 8 45 70 51 44 41 1 78 65 73 88 97 50 22 46 22 86 92 22 94 60 48 5 11 96 1 86 62 89 79 15 49 76 86 52 73 27 53 51 44 26 92 94 29 14 40 51 1 85 73 47 45 73 52 8 21 6 47 83 47 26 99 96 54 85 48 27 64 2 31 9 80 23 3 9 37 95 60 38 80 85 85 26 58 90 86 80 96 33 63 43 11 14 91 66 
99 39 45 64 93 76 73 74 99 28 35 37 23 48 27 4 85 65 82 44 55 68 76 3 54 91 98 17 6 41 83 57 80 81 21 26 57 46 0 57 74 87 94 50 35 73 54 21 38 88 17 45 8 45 0 14 88 98 32 94 39 67 52 72 48 25 98 6 72 50 15 98 37 61 48 25 34 54 98 25 42 15 70 3 12 71 17 0 21 49 95 13 69 99 85 17 76 35 75 0 
85 90 99 74 3 47 99 90 2 49 15 96 64 85 99 28 8 17 29 30 18 76 43 87 27 80 57 3 15 32 4 52 75 3 78 30 2 30 20 56 79 35 53 96 21 4 24 29 21 53 11 92 81 54 79 8 86 36 12 53 21 68 57 48 71 36 78 25 66 99 82 45 34 35 93 7 39 18 89 13 23 0 5 5 7 36 13 45 25 77 99 46 45 56 46 68 92 24 94 10 
75 28 8 62 15 1 21 6 19 10 19 43 63 76 48 70 65 13 15 90 91 66 88 88 23 34 57 67 10 3 78 38 31 38 0 98 39 21 4 59 32 76 54 47 52 54 17 69 67 84 59 10 51 99 99 26 33 8 45 96 63 23 34 46 61 86 44 53 7 48 12 91 24 66 38 29 20 7 98 39 92 58 50 95 57 1 21 43 61 66 91 24 42 25 70 55 11 14 8 70 
62 72 14 39 90 52 68 62 12 66 2 4 76 4 99 86 57 72 29 18 90 72 42 32 97 64 40 60 78 48 82 92 21 96 31 63 49 51 26 61 18 28 17 46 84 68 32 41 40 13 59 30 85 53 15 34 17 55 46 47 55 29 91 28 25 75 92 26 26 18 39 96 98 56 43 82 76 75 23 68 41 34 99 78 39 66 13 8 73 59 7 28 40 98 57 66 73 1 92 0 
19 84 96 17 40 91 51 17 19 26 85 60 12 36 38 51 54 3 59 27 15 66 56 55 16 65 73 90 66 18 42 37 2 90 54 94 82 57 11 1 83 49 61 95 37 51 98 44 55 9 71 22 27 79 77 43 96 51 85 62 69 27 99 23 70 5 17 52 62 81 5 97 82 18 44 19 69 42 15 76 3 87 50 30 18 28 26 15 31 11 29 52 91 29 75 61 86 92 65 1 
25 70 50 7 40 95 79 61 89 94 38 93 33 40 75 52 68 1 19 51 13 48 3 56 29 30 69 16 75 34 69 0 56 19 8 48 66 39 9 56 33 99 1 67 40 76 19 8 30 38 12 95 38 67 51 68 98 20 84 25 6 5 25 14 24 85 62 91 24 71 99 10 71 52 77 11 80 48 71 10 86 35 5 76 3 8 44 1 28 80 78 86 85 55 0 62 41 62 53 17 
86 4 27 9 56 56 72 36 4 95 99 42 31 4 19 34 13 63 87 93 44 65 80 81 20 32 43 13 47 48 83 33 4 62 42 60 19 66 49 23 61 48 18 92 4 37 26 69 52 65 15 48 30 47 30 3 79 25 16 26 74 51 11 78 14 5 91 33 71 92 8 85 92 26 77 96 15 56 18 68 21 33 68 52 80 50 7 59 76 23 38 2 75 1 32 89 59 23 74 82 
15 34 67 7 61 45 56 28 1 74 96 22 7 17 26 87 67 33 98 43 9 88 97 36 90 30 77 1 53 3 83 21 37 51 80 98 96 36 79 49 62 27 23 69 44 2 8 12 87 59 7 48 47 5 84 89 35 13 90 40 16 26 61 54 77 42 4 25 30 83 26 93 11 49 14 55 3 23 19 91 34 79 91 33 84 76 23 71 41 65 11 58 43 25 64 20 19 68 97 49 
4 23 42 15 25 9 22 80 32 94 23 18 73 15 51 9 43 26 80 84 44 43 94 87 20 58 8 39 79 57 89 83 81 83 50 58 92 24 38 76 18 62 94 43 77 98 52 72 24 84 56 68 80 51 56 0 61 16 40 40 73 81 23 6 16 25 16 61 50 55 89 20 69 36 64 98 34 68 70 58 53 78 79 85 81 87 85 43 55 77 83 80 58 59 87 75 84 55 88 86 
62 77 7 31 13 71 81 47 39 51 58 44 82 89 29 63 76 67 6 31 44 42 11 3 53 50 30 37 6 18 76 20 95 83 52 61 54 85 8 45 89 18 42 71 7 71 34 83 38 93 66 35 87 30 38 40 80 20 29 38 38 5 59 85 88 63 46 94 48 7 92 37 25 34 60 85 57 95 20 48 40 87 83 79 17 73 19 49 93 0 40 83 6 51 20 46 14 19 93 14 
26 85 52 3 71 12 88 28 59 61 28 51 48 11 30 17 84 1 66 29 2 58 12 60 9 33 58 23 52 51 90 30 36 42 85 7 6 26 88 18 87 16 21 87 80 52 4 16 5 22 98 59 81 10 71 90 95 30 66 99 81 56 81 70 50 67 29 8 45 69 78 32 86 0 19 18 4 75 86 9 97 84 21 30 95 92 73 42 22 91 94 56 99 75 26 49 94 55 9 91 
25 88 23 63 40 94 33 44 69 19 5 19 4 26 49 51 71 74 93 93 65 39 49 64 67 27 65 13 35 75 5 12 15 28 75 7 75 60 51 96 79 8 15 35 87 17 86 58 91 32 51 57 71 53 73 90 80 39 4 15 66 9 27 33 89 54 40 64 14 43 61 46 51 28 81 38 45 68 96 89 0 0 98 23 53 71 14 85 62 18 1 80 79 80 13 68 35 5 85 1 
0 98 47 4 26 29 42 24 49 91 13 1 43 11 24 48 34 90 33 97 60 86 77 39 67 43 60 2 0 45 3 1 43 51 5 21 32 99 45 81 42 58 82 85 69 58 85 56 49 19 53 9 5 82 49 72 77 61 26 30 6 30 31 1 33 88 22 65 87 68 46 82 26 80 67 48 38 53 4 87 24 9 49 29 43 50 54 73 11 80 3 17 62 34 70 95 74 92 60 61 
12 58 43 39 90 63 39 29 68 95 68 44 56 17 25 51 67 79 24 78 12 27 47 74 13 17 70 39 62 82 1 74 41 96 65 31 11 56 12 31 51 81 75 59 50 1 11 18 32 35 48 44 15 48 19 80 17 41 20 79 23 73 6 16 21 71 0 85 28 12 16 31 45 92 91 96 45 54 66 77 41 14 74 56 14 93 89 32 34 61 63 9 34 69 26 7 93 26 92 73 
90 9 4 36 53 47 84 98 1 50 27 43 16 1 51 31 46 92 15 80 53 78 42 39 0 68 99 93 46 91 66 88 52 22 24 5 70 60 55 23 10 83 18 79 36 22 62 83 14 77 15 20 7 57 11 7 77 10 0 23 54 18 64 6 41 88 64 63 1 71 86 63 6 57 42 43 79 56 26 45 33 41 17 93 51 29 0 28 91 53 4 97 71 68 56 64 8 72 27 61 
43 66 25 50 23 19 93 2 76 71 99 61 64 17 54 15 98 55 96 41 60 52 39 83 72 47 48 80 19 27 42 62 93 19 12 16 38 57 70 14 28 70 76 45 39 30 60 37 37 8 78 49 60 69 33 32 68 33 65 87 12 59 2 6 78 14 74 16 24 97 31 4 19 59 49 58 41 62 95 31 70 25 80 83 47 65 15 15 50 32 3 63 91 5 69 69 71 95 86 47 
92 69 52 11 28 1 69 21 15 16 52 86 94 85 21 41 50 36 56 1 21 11 64 12 68 85 82 40 80 20 87 25 41 91 88 21 45 58 42 60 26 47 98 20 32 19 61 82 8 70 35 29 81 51 41 50 36 75 42 69 47 81 46 40 73 34 61 18 44 56 30 71 3 29 91 35 48 5 69 8 75 5 37 8 8 31 10 97 6 52 66 6 34 12 46 59 98 60 29 43 
16 59 14 19 40 57 6 89 14 75 97 89 32 87 50 41 18 60 38 76 13 56 82 99 20 81 58 18 41 39 13 57 98 27 28 39 37 34 80 51 9 29 93 94 16 95 87 34 55 77 11 20 33 45 71 5 26 81 23 67 20 37 76 19 16 4 10 5 38 90 9 0 71 2 94 88 49 33 74 4 10 37 77 95 35 48 0 61 30 23 81 50 12 9 21 81 14 31 86 4 
73 95 4 45 49 50 33 98 83 59 55 45 97 32 40 32 80 40 45 10 16 78 61 80 88 82 61 2 66 0 6 39 95 63 84 97 65 69 47 1 29 2 46 78 86 87 10 67 79 55 29 95 86 42 76 74 25 89 76 43 89 34 82 37 49 19 86 15 88 33 16 69 88 14 47 74 1 57 93 33 65 23 80 51 65 8 25 42 98 53 37 39 39 20 76 89 39 62 56 79 
48 24 49 88 38 96 14 92 6 8 25 71 83 5 74 0 14 51 95 64 56 32 3 95 4 80 36 95 94 44 75 94 68 24 34 7 72 49 99 78 9 24 1 44 81 75 96 95 26 91 11 82 76 15 30 80 47 18 76 93 63 3 88 83 27 74 90 51 23 89 30 84 65 31 28 99 7 25 94 85 68 58 20 44 73 2 77 20 20 53 13 35 56 53 19 35 28 9 86 3 
51 68 88 68 0 16 67 59 93 14 44 62 72 16 58 45 18 35 17 91 40 82 26 48 36 97 35 16 7 74 19 10 42 7 30 94 76 98 53 21 64 50 35 36 66 94 33 37 81 50 28 74 32 6 22 20 4 10 36 63 84 8 25 26 15 55 21 43 53 26 17 17 76 52 5 95 98 38 84 32 40 64 6 25 70 28 97 26 38 86 89 74 94 66 1 61 22 74 5 27 
52 74 97 29 26 2 76 25 93 12 57 33 76 15 10 98 95 8 25 34 94 66 60 88 33 13 1 7 87 58 34 92 32 31 21 59 86 49 36 79 61 45 64 89 60 27 87 55 87 12 41 81 31 2 21 16 15 22 23 55 81 9 47 65 93 20 24 79 21 12 10 34 57 26 23 69 53 10 77 40 75 18 73 58 72 94 74 40 69 49 47 2 58 94 67 51 66 44 82 87 
56 92 73 66 19 96 35 72 58 12 65 85 83 38 43 55 85 69 47 6 18 94 8 29 40 27 32 6 71 15 45 80 7 18 46 78 66 33 51 77 46 68 62 81 6 58 36 91 27 36 97 98 30 57 79 71 85 11 77 8 26 75 40 86 45 86 64 12 20 67 89 18 35 51 99 42 61 87 85 41 23 35 91 54 92 70 25 29 33 54 90 60 81 30 98 27 69 62 39 89 
82 80 7 17 83 58 11 45 45 49 86 69 84 77 75 28 99 52 10 32 58 0 44 40 82 42 67 51 57 58 40 39 38 99 56 21 57 20 66 55 69 4 76 53 33 51 33 32 55 43 65 13 43 9 5 26 4 72 29 61 30 70 0 20 21 8 42 31 80 60 38 49 65 14 54 98 17 88 83 72 31 48 37 27 9 43 5 13 15 34 74 98 56 26 18 30 35 12 61 15 
73 99 17 38 65 71 88 82 11 71 54 95 71 43 74 81 86 31 46 54 65 21 4 74 47 74 4 34 87 17 2 60 68 19 50 33 42 90 15 54 14 21 1 85 16 75 18 3 58 65 9 23 38 13 49 37 39 5 72 26 22 74 38 42 45 40 75 87 31 42 93 97 15 46 34 32 73 53 87 31 70 48 7 8 61 56 45 0 14 69 79 88 43 17 31 40 10 58 28 93 
53 73 90 68 20 24 52 93 29 91 25 99 39 32 59 52 40 5 5 54 74 84 43 70 53 74 10 15 32 90 8 85 64 50 6 84 75 10 29 56 2 54 56 93 86 67 46 27 72 51 33 99 87 76 21 92 50 83 8 35 74 16 72 90 67 78 74 94 41 55 50 95 10 58 88 48 26 86 27 50 37 61 1 76 37 22 69 40 6 29 75 80 45 47 70 64 78 96 58 71 
