443 936 192 466
694 882 206 613
93 317 743 581
684 643 255 309
784 50 245 976
516 291 782 851
237 479 802 203
450 897 137 134
540 809 818 298
818 954 348 415
283 217 802 892
24 861 529 183
702 13 114 293
87 525 924 916
90 110 786 960
259 623 769 123
926 227 509 535
34 311 524 814
78 53 419 463
425 506 774 783
164 969 688 302
282 947 925 403
70 203 630 931
738 17 427 767
332 505 990 944
497 767 802 190
821 577 324 60
868 497 94 210
793 943 133 150
173 458 487 71
120 478 604 80
394 187 111 865
105 425 982 803
699 306 215 919
156 661 897 89
609 70 900 448
494 20 187 743
340 614 783 322
417 482 753 137
646 234 44 654
758 296 316 29
702 120 36 890
435 376 53 680
609 158 943 606
92 702 902 194
954 570 576 9
690 279 186 611
622 355 219 15
962 781 563 19
923 605 464 139
548 523 162 76
406 901 973 14
894 417 281 809
436 204 906 997
941 807 357 507
121 519 910 214
370 698 770 137
785 303 328 645
80 796 535 464
99 54 899 964
328 161 604 831
41 257 430 587
453 759 848 384
435 100 179 409
119 135 744 656
757 174 285 828
447 192 939 548
34 808 970 61
324 608 800 310
140 139 796 464
358 121 72 599
244 225 913 690
829 266 558 520
901 659 56 195
329 436 893 808
470 387 851 111
740 276 62 984
853 323 279 11
312 101 720 601
529 460 797 82
915 870 651 232
856 910 378 461
176 48 971 447
157 89 951 788
452 263 801 572
467 68 112 558
78 737 873 49
184 30 684 441
370 504 623 809
815 4 16 787
966 200 170 456
688 341 270 630
66 110 909 980
27 277 829 642
802 517 308 89
799 825 335 146
576 935 20 666
594 86 132 890
502 313 831 867
209 139 673 930
939 470 353 28
51 482 595 777
27 621 490 183
861 202 27 894
447 175 110 559
885 465 86 868
900 498 151 192
221 769 903 480
790 448 186 192
193 423 803 170
71 703 668 258
399 171 803 620
292 58 853 696
887 391 168 792
487 567 807 188
14 327 980 853
894 296 496 785
903 549 423 117
390 457 886 168
285 866 22 531
514 870 879 614
403 382 53 741
329 120 955 943
579 599 985 244
878 740 145 152
99 199 427 995
520 305 115 876
802 297 92 948
449 543 82 793
487 993 957 498
917 384 41 933
288 888 672 162
181 139 436 482
283 237 25 782
284 996 639 264
677 948 332 311
736 373 482 845
58 765 434 83
548 718 916 208
184 555 824 213
503 938 160 187
249 896 624 525
115 162 721 500
623 507 935 171
578 718 830 3
840 454 60 845
557 638 945 213
437 985 796 528
979 978 433 116
128 753 513 74
169 925 920 78
564 836 252 292
791 135 464 576
251 592 568 280
343 840 676 371
659 707 965 995
4 569 288 148
56 752 724 308
345 54 900 395
19 821 661 33
325 690 756 984
749 931 122 247
427 479 979 872
819 703 532 164
110 816 766 362
211 785 887 380
160 636 663 90
67 786 617 153
561 596 897 113
727 663 476 290
800 659 210 189
721 289 205 549
931 5 208 812
657 417 317 132
512 203 43 791
967 688 447 240
599 51 81 379
391 286 785 770
7 905 456 409
254 775 941 115
658 22 308 775
371 951 996 318
646 363 309 812
587 156 283 585
550 251 76 541
89 663 583 331
319 412 739 17
629 627 138 934
380 215 828 821
230 229 698 597
278 119 989 637
887 465 130 153
180 788 765 264
61 958 907 395
231 259 765 719
592 114 101 538
997 340 113 32
760 527 272 221
509 389 833 808
647 382 168 749
921 165 644 583
164 911 944 191
156 934 433 309
850 288 97 864
770 265 260 622
569 681 58 933
786 857 293 148
86 17 433 295
327 483 612 136
588 397 222 818
659 689 147 176
569 691 185 432
867 537 100 915
37 236 536 633
607 958 128 143
870 832 61 139
661 246 379 629
533 914 899 421
899 858 39 211
878 261 44 699
631 53 938 468
334 74 68 530
186 659 640 64
831 892 102 569
465 142 78 774
994 17 594 329
91 662 674 390
546 314 806 729
206 644 812 309
565 629 297 103
907 375 229 902
744 824 239 553
602 564 878 238
392 767 837 476
47 326 559 678
928 332 599 694
240 362 797 90
966 708 392 327
405 314 128 876
683 79 129 873
789 762 498 161
233 599 489 901
149 118 620 416
273 304 580 642
470 709 823 365
772 57 439 358
954 882 520 450
68 362 757 905
435 337 132 641
630 448 158 3
304 679 798 260
30 855 499 139
760 934 191 226
425 59 800 557
52 430 358 101
852 516 547 262
233 940 771 527
518 569 139 900
776 638 392 888
572 220 882 931
381 240 757 841
94 304 719 924
983 111 332 712
374 131 82 920
184 463 512 920
49 269 926 568
471 875 147 30
694 295 97 697
692 134 950 774
406 486 135 818
792 958 153 454
779 30 451 697
341 344 947 887
491 452 171 874
60 945 327 173
478 617 46 140
949 481 489 100
100 183 377 772
184 704 946 14
673 822 223 85
61 172 918 761
774 527 204 155
456 581 6 310
47 302 876 636
750 795 322 157
493 301 18 644
706 813 320 318
843 599 177 317
495 224 182 474
687 931 351 361
441 196 14 459
840 720 20 178
895 331 363 72
1 210 649 620
707 664 281 960
308 722 790 246
324 699 893 955
951 49 629 484
397 376 106 798
869 367 498 975
990 623 82 176
749 162 69 892
408 393 20 17
902 13 163 685
376 14 661 718
989 743 22 386
163 256 586 813
242 840 744 577
708 757 364 82
699 542 236 237
830 296 266 879
464 574 974 894
770 86 183 839
824 376 364 679
872 561 367 945
589 703 33 983
326 497 909 788
868 568 103 194
814 225 552 889
338 776 73 40
112 438 487 145
773 813 56 418
282 689 863 22
504 415 120 126
941 754 167 61
453 664 958 978
370 209 946 829
925 353 127 785
238 238 640 805
302 358 976 774
836 269 529 3
682 334 19 941
354 58 705 789
361 663 771 391
935 9 629 575
814 931 285 143
58 473 412 939
476 447 834 75
711 121 394 682
160 158 973 988
605 598 929 95
791 49 288 770
937 593 90 123
20 154 597 457
495 646 185 218
430 373 994 100
668 15 254 265
824 101 263 884
925 299 496 950
262 33 758 436
756 579 296 913
577 316 199 678
345 47 980 607
80 501 937 760
770 81 277 884
833 195 361 481
108 938 510 665
581 491 859 900
917 572 535 306
784 116 149 761
130 493 852 954
60 619 730 25
502 266 199 804
328 508 997 885
380 443 114 765
155 197 790 657
815 474 306 46
766 632 104 205
580 815 29 554
731 807 226 406
31 381 390 770
648 37 320 306
83 86 938 622
403 374 137 92
113 166 998 844
325 938 20 27
423 20 123 936
344 964 978 481
457 305 981 990
274 456 773 146
474 387 74 37
578 663 251 944
319 708 826 321
973 681 448 87
59 522 318 135
965 740 578 275
876 249 301 891
873 274 195 541
972 733 383 245
395 962 872 272
563 208 102 817
945 160 254 586
459 179 907 524
514 103 836 916
482 56 86 853
912 383 394 725
630 1 26 736
885 214 159 468
506 558 853 903
427 517 697 959
440 16 104 595
384 109 986 652
720 844 111 468
101 384 894 954
640 321 81 810
584 465 919 899
824 412 502 162
64 574 967 52
410 861 6 402
534 830 91 166
93 797 508 175
607 92 992 878
343 168 642 846
683 58 189 987
8 509 728 192
249 71 713 891
269 396 728 979
972 736 488 363
858 563 231 213
78 311 758 679
734 823 398 9
858 478 340 830
215 181 930 590
757 688 76 432
106 643 625 310
979 488 536 158
897 384 592 962
982 36 54 785
348 123 969 979
607 997 961 123
759 858 253 560
106 308 431 839
113 784 958 83
763 917 80 586
812 35 14 734
452 187 842 449
510 626 59 173
515 491 262 126
391 714 671 49
811 181 244 585
382 27 684 714
325 427 888 136
983 947 211 228
885 946 607 337
144 291 403 821
70 184 331 823
288 314 771 851
894 8 345 294
144 748 401 271
543 855 161 142
119 139 407 406
290 90 756 353
430 3 873 705
806 341 272 91
620 361 342 699
284 101 543 688
857 651 219 215
812 444 414 758
905 70 131 538
622 712 35 316
411 320 96 674
704 667 111 161
839 249 359 610
675 490 388 48
26 277 790 755
91 495 685 847
790 299 33 0
805 80 146 737
780 534 448 169
541 553 159 243
681 301 299 927
846 456 167 816
507 328 907 955
498 449 162 973
472 8 98 445
656 959 979 503
607 301 48 769
275 872 777 57
55 730 364 96
11 680 306 973
318 404 617 695
775 576 348 175
345 975 903 216
428 432 699 23
369 668 24 941
394 424 836 955
919 811 195 163
516 250 66 842
623 726 158 290
589 535 282 91
231 792 557 470
472 516 960 808
517 341 853 728
281 891 940 141
899 648 512 223
242 955 680 52
980 197 393 961
394 52 803 582
322 268 996 583
771 288 64 38
619 928 883 353
33 563 405 13
113 151 757 746
678 529 361 268
545 974 909 482
835 588 363 222
695 267 236 609
963 133 53 842
770 994 489 740
605 214 181 514
697 17 32 839
845 268 401 737
606 666 189 242
903 794 456 85
309 505 913 950
588 110 918 971
478 524 989 183
443 617 16 46
719 557 60 13
602 866 128 520
615 41 151 392
297 422 715 775
298 57 674 605
298 42 600 292
993 304 317 991
271 445 839 38
441 342 783 738
764 498 133 818
880 522 223 197
866 846 176 551
968 293 243 553
672 220 43 850
148 528 578 917
442 925 759 119
109 288 858 682
885 882 254 280
84 402 808 105
783 211 480 495
639 479 913 972
399 529 860 823
167 97 599 959
749 300 147 665
61 874 709 455
634 622 919 38
461 976 812 191
470 988 729 69
299 478 708 869
990 770 523 515
506 597 68 17
832 132 125 816
360 424 38 839
857 631 26 354
828 446 220 78
948 664 37 42
300 915 875 259
883 55 551 861
858 123 244 507
207 727 766 104
806 800 541 507
952 481 665 91
810 218 133 661
471 85 189 375
742 527 999 824
617 648 156 957
992 821 400 154
39 930 560 117
20 46 778 843
131 347 433 673
75 527 552 214
636 98 151 635
922 769 245 26
446 149 717 522
865 353 379 899
114 298 590 587
589 678 169 89
997 762 222 91
16 343 665 758
442 662 855 83
456 802 21 93
471 616 112 868
801 366 158 710
515 30 248 579
346 269 809 595
714 77 441 368
348 3 938 682
625 186 943 938
89 9 367 537
585 507 852 191
324 646 685 968
949 493 223 242
997 172 87 955
615 274 314 618
680 287 936 812
181 257 934 632
980 283 590 772
693 631 67 944
385 817 734 259
833 267 6 802
875 338 85 680
758 676 395 44
689 356 190 68
391 995 664 413
973 497 292 968
729 378 394 951
74 937 463 506
797 495 348 890
886 640 114 273
897 398 51 115
567 704 11 137
79 786 551 412
402 954 880 322
658 524 143 793
283 886 825 143
303 287 640 772
491 644 979 336
521 859 40 150
514 695 839 383
286 974 541 113
516 521 921 116
614 598 100 2
349 890 715 135
746 665 247 937
48 533 574 65
721 275 179 22
426 278 688 673
215 88 558 840
22 864 784 171
917 710 588 990
986 895 29 363
46 236 947 636
752 535 264 107
9 293 882 665
825 513 532 124
0 831 761 104
718 387 454 848
952 950 302 647
166 186 975 735
624 522 123 238
923 75 189 431
269 431 992 924
430 510 124 27
981 400 183 76
953 175 0 735
38 110 289 419
590 431 127 158
197 357 656 7
725 133 35 707
533 841 917 535
596 917 270 634
380 911 53 322
342 532 889 793
126 561 400 229
543 57 190 623
328 75 652 419
725 384 330 130
706 25 316 410
120 297 804 936
30 428 648 172
640 277 202 902
287 625 818 102
210 466 969 955
126 523 499 63
181 773 903 295
960 296 403 685
945 964 98 93
544 704 239 102
952 340 196 60
621 646 884 17
985 562 392 96
775 696 334 107
316 956 941 101
102 275 593 705
121 326 646 716
22 288 605 592
246 285 858 927
806 478 531 843
306 906 755 386
752 173 21 722
213 827 846 503
257 953 538 616
699 560 338 968
27 848 872 94
882 70 293 543
492 682 93 397
191 432 561 163
574 511 54 860
452 347 755 944
382 9 59 505
83 152 936 972
844 569 439 125
73 1 864 296
950 918 508 402
617 263 272 904
722 425 282 718
934 536 345 222
509 189 217 517
252 519 814 228
532 393 990 31
79 917 430 297
983 940 347 94
19 307 825 630
47 62 446 442
306 228 735 512
169 113 743 730
761 458 120 207
901 778 139 482
91 953 939 148
93 35 493 702
62 746 833 201
91 605 531 164
426 940 901 489
874 192 227 571
822 73 437 910
416 299 888 42
425 872 761 329
947 433 458 848
274 332 652 620
835 826 62 512
920 851 360 485
748 121 113 717
404 888 944 41
872 3 64 613
631 959 247 295
901 154 441 998
460 847 905 404
888 777 527 420
959 592 657 106
177 764 768 444
471 673 803 959
222 517 937 870
341 322 813 597
853 48 536 756
139 65 872 322
836 856 482 137
164 56 805 943
650 499 96 822
863 195 20 653
385 318 88 943
594 922 978 438
889 784 635 350
354 731 779 480
645 110 271 535
246 4 964 880
702 242 161 640
436 304 782 976
409 746 856 463
340 468 657 997
150 714 427 212
523 392 961 994
480 95 970 889
193 178 544 560
454 201 910 604
267 337 816 790
81 573 633 31
639 946 377 471
41 699 705 345
146 324 638 666
836 105 568 945
391 154 24 543
321 167 952 573
194 584 774 308
554 705 980 27
419 301 956 918
698 909 76 96
516 718 768 31
705 262 181 920
378 944 755 505
769 764 294 102
158 672 930 325
835 51 89 782
676 748 154 136
937 75 374 583
177 885 608 576
527 550 40 925
758 481 139 972
723 581 386 326
382 329 708 0
195 199 972 918
133 650 439 982
613 309 24 26
910 856 317 365
817 473 441 166
252 307 774 39
553 798 65 463
654 815 303 475
706 121 414 723
922 487 653 916
47 427 697 926
315 645 770 7
389 44 117 441
810 133 181 463
401 228 52 675
466 624 903 185
160 144 564 796
438 726 95 380
605 880 310 536
315 471 680 166
105 183 759 784
181 675 580 971
401 861 896 494
79 992 874 684
224 851 646 327
909 956 431 502
669 612 936 931
814 231 226 711
77 305 990 631
155 683 844 147
518 373 836 32
418 178 801 836
450 49 77 924
391 203 726 779
513 742 29 465
899 858 404 601
206 365 814 967
817 892 409 506
883 712 199 198
424 450 57 828
52 615 338 350
508 324 801 918
831 36 574 944
726 119 104 757
999 383 699 46
491 852 889 299
389 780 969 382
59 695 854 163
804 853 546 550
213 375 899 751
542 598 823 920
161 45 777 617
160 746 794 206
734 598 411 280
148 976 843 459
151 667 795 49
191 529 776 897
886 65 208 419
581 624 849 184
848 996 233 39
526 233 914 634
230 690 531 116
107 229 770 736
494 330 156 75
306 84 568 842
711 690 372 87
633 678 294 295
72 733 907 266
182 362 701 794
398 621 989 310
702 160 156 609
778 690 323 427
602 377 221 1
998 210 130 835
345 489 20 769
607 694 317 15
326 448 57 1
875 660 13 377
659 828 39 141
15 384 983 855
444 355 897 839
39 262 344 527
313 140 731 496
996 329 374 698
256 272 698 977
417 242 154 602
116 103 417 466
403 673 90 293
321 976 751 20
953 520 191 239
91 933 405 682
69 559 546 295
457 636 799 918
563 413 27 892
211 97 803 848
635 818 250 474
525 708 992 424
403 354 850 42
644 877 974 90
55 961 535 58
346 747 76 222
372 984 985 66
991 872 620 172
379 143 971 623
119 138 385 547
361 109 25 379
990 11 670 855
446 402 755 964
3 646 449 975
621 568 115 178
116 998 449 141
729 440 421 740
801 444 127 141
620 748 61 438
106 528 616 222
879 66 312 640
723 260 206 966
298 848 799 342
494 926 836 466
26 897 904 132
426 521 939 775
265 797 7 75
679 806 418 173
84 254 503 896
595 281 140 758
437 764 966 356
151 402 962 142
865 466 114 38
515 895 23 255
306 164 853 643
253 356 851 910
386 241 690 551
607 649 927 151
341 973 719 544
235 105 591 538
146 466 584 152
337 308 840 968
543 911 113 362
203 450 795 921
779 938 212 422
978 839 159 535
82 23 637 893
967 750 608 170
552 631 824 314
52 972 606 240
990 246 524 798
296 549 656 81
939 264 603 843
895 428 484 14
896 90 619 806
814 172 496 738
96 6 862 351
964 116 590 652
782 331 473 644
596 444 983 793
70 831 531 518
189 921 795 228
996 759 269 236
475 217 127 666
394 549 849 277
67 39 331 345
13 327 266 867
540 887 105 487
645 436 919 904
430 469 137 952
298 592 784 126
736 566 32 114
776 825 384 188
588 522 994 250
479 538 120 861
69 257 339 805
175 286 546 972
659 38 211 477
553 205 95 603
827 690 59 385
506 235 913 993
151 572 407 103
394 679 143 6
877 181 214 945
789 403 96 774
319 504 739 921
848 234 280 725
768 267 368 845
823 98 207 889
243 879 745 473
593 280 212 772
375 951 45 223
538 325 945 669
151 120 767 707
509 163 996 787
567 636 114 973
483 414 892 870
191 460 597 27
423 711 151 410
832 361 15 705
765 907 51 612
43 827 323 396
85 152 417 444
62 885 524 551
566 539 266 928
200 941 586 468
55 462 952 152
165 944 806 512
51 252 569 813
116 70 921 576
685 976 39 57
950 392 14 718
22 172 462 495
805 499 472 196
909 774 589 299
28 837 356 233
266 938 640 313
423 102 808 580
602 632 14 15
973 742 653 184
484 361 848 107
58 607 825 220
394 733 115 222
88 415 672 966
781 2 513 982
110 571 589 287
143 335 675 23
110 326 610 620
600 687 318 320
926 320 125 852
847 153 479 837
929 432 524 115
408 529 73 850
362 391 63 87
793 189 356 879
605 880 994 14
762 428 466 808
493 530 910 55
235 663 645 408
634 490 938 881
128 9 420 407
774 125 186 447
257 479 887 780
971 426 60 964
119 541 973 891
948 100 386 989
589 921 46 638
338 458 615 10
663 556 158 809
315 496 62 194
998 345 39 677
357 954 612 69
364 375 684 29
423 586 137 284
925 487 270 777
760 635 243 299
30 520 786 11
836 950 79 463
94 584 858 332
212 668 679 105
120 867 407 174
326 487 71 959
376 696 814 402
370 552 863 167
23 941 326 342
50 5 972 469
645 348 358 831
972 684 525 22
42 325 466 930
278 438 690 186
882 506 75 778
432 959 889 649
41 640 925 180
908 401 108 670
156 981 883 279
380 765 896 228
767 619 479 8
268 520 700 909
947 285 561 814
902 695 236 10
718 393 24 724
718 821 49 298
585 528 134 791
370 511 2 853
980 889 504 485
326 203 972 713
917 694 642 233
238 256 941 789
918 310 238 932
334 95 786 623
358 55 839 804
843 23 256 937
93 549 749 163
615 988 83 514
962 733 159 100
356 869 804 346
830 648 485 977
818 931 295 90
417 44 32 350
334 467 935 49
249 118 999 886
300 169 553 914
817 301 462 805
581 863 126 85
765 943 386 293
357 942 748 41
387 228 973 489
9 426 408 970
296 144 552 704
389 11 695 864
379 174 790 826
983 898 350 83
939 737 311 264
226 321 690 986
643 338 42 872
558 374 285 771
428 268 21 778
351 312 867 15
576 445 139 85
725 891 424 198
775 852 48 83
313 539 811 162
873 586 15 44
735 349 157 846
45 968 361 270
906 728 103 234
816 260 433 861
580 794 132 487
874 799 74 101
231 209 592 472
570 377 171 817
989 45 373 638
742 765 414 392
246 382 579 757
48 673 683 938
714 498 233 146
595 792 46 273
388 449 842 72
185 408 678 866
975 552 62 11
490 777 74 508
175 669 652 221
295 392 671 769
195 865 653 92
867 683 235 373
205 725 504 129
744 930 140 247
33 163 368 580
28 562 541 235
133 746 946 132
780 315 55 695
673 948 66 511
16 542 885 874
430 558 846 832
817 651 419 106
439 136 151 697
215 842 491 121
45 146 978 444
895 920 329 246
731 613 51 976
62 202 975 671
313 26 999 728
581 24 68 907
486 753 967 376
311 651 719 943
872 76 537 341
24 375 388 780
849 876 565 18
789 532 270 923
395 143 686 934
474 573 786 130
527 990 265 329
292 969 622 117
259 457 647 796
238 836 976 474
72 819 599 207
356 514 997 264
69 645 768 177
948 983 383 233
631 983 47 212
555 724 835 86
842 603 419 99
624 516 354 191
842 753 403 397
829 509 302 170
684 555 314 30
864 290 263 992
190 969 535 32
722 291 991 700
355 633 996 24
931 719 623 115
149 49 749 306
774 918 488 666
698 434 36 1
826 32 377 757
103 693 471 78
160 620 770 888
147 610 554 198
397 425 59 994
792 981 355 656
260 391 9 86
776 387 432 666
310 944 666 531
640 814 141 546
12 538 885 116
404 592 125 16
984 134 521 945
343 953 612 653
898 251 443 658
3 461 983 170
403 108 69 550
200 319 554 47
75 128 913 490
938 248 80 951
839 931 478 488
327 30 25 490
341 833 917 268
244 993 835 334
406 847 28 115
46 108 392 485
15 222 325 695
252 485 814 41
418 84 743 579
111 771 694 510
880 112 100 624
597 115 329 493
343 758 915 471
476 78 921 588
120 704 379 382
950 212 63 631
57 758 625 468
254 72 673 817
158 946 418 198
504 691 138 976
396 518 82 773
681 139 99 509
244 353 962 67
700 685 235 349
162 374 906 661
622 839 211 351
984 472 348 189
152 956 867 314
598 685 63 15
954 969 160 239
280 144 795 956
191 131 703 484
906 648 329 963
148 961 738 651
223 928 658 237
833 462 475 885
857 821 141 377
63 528 700 965
637 104 50 944
105 195 458 882
841 285 120 698
107 261 428 522
141 75 772 686
819 472 273 895
204 323 839 661
870 650 617 213
880 741 362 292
54 635 958 378
271 181 900 683
932 517 258 147
865 823 402 373
317 764 846 102
822 747 50 287
510 719 84 129
514 371 191 669
854 160 55 774
387 941 107 223
61 849 455 163
516 999 185 723
159 240 849 546
181 759 532 196
394 832 134 27
861 547 12 856
7 171 449 856
69 982 744 500
953 139 684 806
322 252 60 643
895 420 166 696
628 588 88 252
396 719 908 103
579 564 994 233
525 512 100 960
454 797 736 254
800 2 91 608
591 531 866 818
131 212 403 656
725 684 161 177
645 615 222 127
735 665 196 300
18 151 421 813
685 106 328 518
836 195 336 967
759 91 104 989
857 326 468 593
991 555 691 276
454 729 735 135
247 571 682 935
539 441 140 152
442 875 770 114
584 779 170 254
291 867 968 431
371 762 659 10
804 458 148 150
191 704 894 403
264 931 597 284
600 278 930 793
430 250 12 587
164 168 498 867
917 0 365 462
661 881 80 283
604 782 26 374
73 553 455 270
198 468 503 829
527 935 212 494
245 447 835 180
828 740 362 115
104 217 819 870
704 510 318 23
273 966 999 494
122 563 899 839
268 816 771 221
212 35 881 309
775 221 28 786
396 928 977 664
96 452 647 731
735 495 317 928
257 529 963 796
92 844 435 477
944 171 664 965
948 821 498 65
406 590 910 863
458 327 757 774
583 282 298 599
247 246 863 522
858 713 0 24
643 32 258 444
8 15 297 869
542 896 115 315
496 331 837 706
44 777 627 156
462 805 828 41
416 471 41 838
25 690 586 174
587 82 857 776
140 254 620 769
338 661 809 166
703 577 32 95
706 890 311 282
867 649 118 986
204 917 775 434
162 808 872 434
762 342 420 967
612 346 964 631
180 928 668 110
761 567 165 889
365 308 997 812
752 95 434 963
308 398 878 699
737 639 266 213
345 431 722 733
289 488 833 42
485 779 863 144
752 481 265 163
512 357 243 673
917 347 507 626
796 772 343 26
231 110 595 834
280 547 963 120
243 104 753 772
751 984 353 14
626 301 268 973
207 232 662 531
56 625 652 299
82 433 706 163
528 974 129 623
266 211 990 686
700 48 316 932
194 936 899 675
559 165 886 968
807 285 231 576
207 639 846 247
887 546 295 89
127 669 611 176
877 195 281 986
454 127 26 880
430 153 854 667
546 935 69 332
386 852 75 474
967 909 576 377
108 202 555 737
560 674 846 396
130 419 466 76
438 43 806 546
245 362 577 814
230 477 566 999
812 89 348 549
78 194 945 560
613 243 117 858
860 584 287 298
627 93 264 437
885 243 467 690
909 570 181 6
11 754 434 196
757 409 326 672
349 52 639 969
937 876 661 32
509 570 121 858
337 400 758 949
624 545 876 110
154 867 488 454
200 426 855 872
35 161 696 440
168 572 439 981
766 534 154 969
578 919 845 50
632 573 1 141
179 169 844 504
63 963 390 688
992 33 354 919
417 124 797 536
193 429 546 988
970 961 2 295
745 343 489 604
155 950 856 434
398 608 881 44
757 184 102 978
954 717 538 21
843 288 100 999
600 856 110 432
710 565 410 16
282 655 898 304
607 154 916 980
925 455 1 768
95 631 454 941
644 565 142 973
420 750 70 452
302 212 14 731
588 995 151 61
26 453 937 852
309 85 990 464
434 356 894 665
257 183 517 918
269 859 696 399
181 566 857 993
687 934 0 22
401 341 941 71
514 83 835 953
129 505 755 906
910 612 115 250
539 868 44 145
166 364 513 835
235 620 734 49
781 677 334 56
507 962 105 58
853 811 528 493
997 310 96 604
746 302 398 747
892 278 528 633
327 348 659 610
416 409 709 660
688 301 997 661
925 34 545 708
465 732 907 135
291 873 590 26
805 359 208 953
39 105 661 856
837 921 211 77
776 571 405 320
290 418 579 706
976 13 31 932
231 293 661 626
145 769 655 516
880 297 425 626
928 385 111 859
443 88 872 474
372 456 82 913
155 613 974 353
568 253 995 867
594 438 922 33
65 357 926 890
526 454 893 191
378 649 929 102
955 567 390 904
338 64 17 887
59 51 713 593
314 642 47 269
562 266 232 628
279 674 930 33
85 948 920 145
351 633 90 17
628 489 142 800
767 726 400 123
67 331 650 982
413 92 933 638
935 41 591 783
878 444 62 848
359 829 658 123
151 641 903 153
975 668 597 327
62 531 572 908
132 802 638 234
122 122 961 398
593 0 67 555
864 240 507 815
916 101 536 540
131 174 432 610
562 377 131 935
576 639 46 215
578 656 311 112
706 413 333 765
505 338 883 927
210 194 519 789
164 801 633 216
870 967 333 375
657 299 926 563
195 485 866 190
205 610 718 322
451 589 111 967
390 745 750 60
951 730 70 170
921 275 555 863
119 6 452 582
974 195 327 510
455 743 27 443
817 196 356 454
561 107 866 864
189 936 564 167
843 708 571 82
109 376 945 26
88 972 469 257
521 178 946 826
865 981 500 484
490 463 752 208
604 273 244 653
554 462 986 843
243 486 679 85
950 617 665 936
411 147 666 679
596 622 304 335
290 11 16 616
348 3 811 944
841 842 29 143
460 528 991 125
817 402 272 114
73 551 713 886
137 3 890 266
168 590 621 980
886 814 624 242
769 245 59 748
924 369 383 720
319 494 686 23
230 765 699 20
740 83 75 494
495 487 856 977
491 527 824 177
902 406 295 54
276 994 865 33
918 719 63 988
550 335 827 977
181 322 464 776
93 673 552 929
466 455 107 936
981 888 316 198
921 586 17 275
998 705 147 2
735 463 200 8
50 470 345 976
641 370 224 805
756 206 293 487
937 662 114 935
367 502 766 142
136 759 512 218
550 88 52 939
893 990 602 7
277 321 719 806
998 829 102 442
341 220 48 881
536 424 122 723
934 76 397 591
988 460 153 59
618 503 292 882
410 623 753 64
636 875 939 121
943 103 299 808
421 536 13 198
711 423 45 63
243 219 740 623
766 22 335 353
91 322 698 907
630 341 2 717
956 94 39 551
476 187 89 962
281 139 587 542
954 29 504 588
520 374 204 705
744 815 303 490
410 679 700 318
800 419 117 719
801 879 355 550
848 725 303 47
952 349 246 894
249 311 857 817
58 10 696 809
41 404 481 14
288 433 986 962
652 587 383 170
818 297 209 887
712 667 414 999
100 959 714 483
481 532 882 63
865 648 62 317
959 777 152 440
661 637 940 26
331 679 987 251
29 221 916 828
209 69 706 560
249 37 815 470
549 960 881 531
998 263 96 778
801 306 529 905
982 778 130 24
744 945 257 412
354 801 684 509
851 788 596 318
938 539 539 68
915 635 366 113
280 623 777 36
223 461 897 74
250 422 809 823
842 724 184 66
726 961 375 376
773 514 145 18
843 466 33 45
856 158 560 596
679 705 201 260
866 654 589 150
902 170 518 959
852 188 302 726
510 855 862 144
686 164 26 864
696 928 386 566
239 239 755 677
477 341 839 918
5 690 479 307
768 341 70 24
251 756 846 129
564 85 121 600
329 724 708 222
602 362 177 628
72 897 652 187
446 16 780 548
383 492 810 125
795 256 254 894
138 637 549 211
280 359 650 965
687 788 169 183
508 370 65 659
850 646 155 178
706 866 400 276
41 908 646 78
368 974 911 366
543 976 974 532
923 33 65 710
869 466 341 94
959 252 580 541
248 555 588 824
770 681 289 64
903 276 327 629
260 21 782 674
113 207 973 720
289 816 558 560
393 819 765 196
490 878 755 40
931 139 633 412
79 606 651 8
405 209 972 771
709 386 118 987
181 830 804 195
720 807 17 124
629 397 978 953
520 39 865 626
890 921 348 436
215 505 983 936
312 539 663 43
79 993 763 249
667 653 170 335
365 78 988 611
548 972 97 40
152 764 452 411
752 341 8 41
721 458 290 874
474 181 177 960
303 610 791 976
652 240 343 858
324 880 668 344
505 459 21 806
874 165 214 791
712 71 237 808
724 328 402 859
141 682 760 115
945 363 369 906
5 958 714 81
638 525 244 883
195 541 856 267
249 947 785 85
92 199 591 770
273 714 598 398
410 196 798 828
516 456 955 145
180 163 765 430
110 824 390 194
630 663 232 294
55 382 800 703
362 893 21 416
410 789 856 279
310 117 976 697
489 31 955 621
393 376 991 985
562 144 40 924
389 414 692 799
203 948 595 21
131 257 497 724
608 452 180 41
338 742 911 35
215 401 984 19
867 629 354 271
817 403 92 981
398 463 886 63
892 222 434 760
852 98 365 441
387 763 984 253
319 563 975 189
534 936 239 531
342 604 972 82
367 228 982 681
628 86 334 345
449 393 762 917
281 89 26 697
698 368 250 883
749 260 300 731
294 929 927 298
295 728 43 409
645 676 916 400
881 167 283 630
779 584 184 847
831 831 576 226
592 573 29 97
320 533 991 918
43 908 555 206
537 620 855 200
287 391 549 950
610 578 959 269
468 166 909 869
874 483 542 789
16 742 418 87
446 729 895 178
22 804 288 43
900 613 587 198
243 33 922 971
422 92 136 512
675 804 307 430
841 196 482 546
698 261 272 681
11 884 743 499
749 770 201 497
604 683 43 302
296 97 587 460
394 257 21 928
822 280 178 716
488 379 98 711
58 685 864 414
564 548 980 0
342 821 868 364
857 927 401 380
380 48 806 828
627 401 297 783
171 398 441 718
281 58 774 426
428 176 35 828
277 551 882 917
537 914 36 163
422 811 119 433
341 458 870 169
435 407 45 75
385 344 698 787
769 374 496 693
411 843 114 270
965 699 622 270
680 813 312 134
5 639 540 303
707 496 189 133
399 655 746 37
494 634 163 970
572 429 211 767
853 270 589 870
293 594 576 935
537 491 860 764
41 71 302 586
392 466 927 887
440 910 57 4
471 985 803 289
436 105 146 823
56 783 993 465
139 464 395 734
467 261 198 955
64 133 512 436
286 674 920 33
760 387 295 106
238 54 695 766
287 245 731 626
916 23 94 945
532 732 838 134
818 140 69 681
244 765 499 503
468 933 914 422
34 335 514 815
128 101 604 729
560 907 951 525
595 756 211 183
888 167 75 908
591 170 890 511
530 820 840 462
518 403 818 150
168 720 671 971
309 562 24 99
905 669 579 417
474 397 772 849
200 783 848 170
493 871 141 154
433 722 38 58
801 865 456 368
859 925 119 247
184 148 886 817
499 60 92 770
36 245 635 844
614 846 50 282
582 782 260 27
904 648 493 238
89 615 580 271
864 145 246 429
721 731 253 441
825 888 150 348
654 995 345 30
53 170 918 728
778 681 453 20
378 664 874 102
427 25 802 433
20 741 538 20
960 884 50 13
406 320 809 988
774 181 516 990
902 326 26 805
517 338 41 919
703 447 984 945
695 542 326 214
951 135 202 726
668 932 381 185
274 283 863 540
781 241 431 522
459 127 787 815
783 650 104 386
354 536 15 29
6 104 319 911
955 860 410 94
28 193 744 736
461 987 809 693
868 265 153 692
741 168 385 950
477 194 995 698
812 427 273 965
119 14 761 758
388 570 903 216
87 641 615 999
940 888 254 451
955 15 561 344
938 441 338 988
0 540 379 2
45 139 942 873
349 129 90 458
249 46 825 810
742 763 251 80
752 604 319 977
31 613 756 887
785 498 205 41
17 651 982 65
579 602 927 69
618 64 24 797
49 911 420 650
562 610 235 38
654 548 9 801
34 385 296 698
405 68 679 635
86 682 698 212
451 467 914 840
526 562 809 19
433 106 907 456
751 763 157 32
410 893 975 253
713 250 70 936
440 596 851 976
428 12 995 861
118 902 693 370
993 669 271 339
171 293 444 701
479 914 956 149
136 326 788 823
384 727 105 255
398 812 873 195
513 704 205 245
147 533 658 53
21 723 965 156
612 426 978 817
24 477 703 11
83 989 417 255
617 86 351 863
754 682 202 201
377 532 778 833
805 367 422 678
697 189 57 542
388 181 658 880
911 51 292 682
194 565 690 983
140 388 990 27
138 207 944 933
272 621 858 171
455 503 87 982
214 777 758 44
918 896 182 524
835 392 292 668
357 731 982 378
513 224 253 671
962 435 547 149
179 594 550 85
447 908 816 449
184 677 472 166
56 986 742 378
275 989 908 598
492 222 992 535
249 439 795 65
240 979 498 503
698 592 134 279
103 394 986 988
828 971 504 172
507 753 980 295
829 409 419 932
251 60 672 776
930 711 311 100
736 611 338 206
480 109 860 803
226 130 881 597
48 618 445 912
967 355 177 14
108 58 602 587
657 41 305 944
810 225 210 561
547 739 17 14
654 971 12 579
766 318 31 24
90 985 687 454
916 454 383 19
974 388 635 883
256 676 926 215
644 182 290 463
878 766 405 489
274 722 873 52
542 646 153 130
993 821 362 226
382 980 829 390
891 167 605 563
175 656 758 265
992 263 395 985
84 109 563 818
441 16 758 819
438 64 918 485
756 655 341 93
37 451 358 29
714 105 969 655
297 546 926 56
717 717 295 213
650 665 905 992
110 942 795 468
972 862 442 269
880 721 43 51
706 153 993 853
621 317 8 728
333 980 63 127
601 943 893 342
77 831 464 229
960 170 315 883
65 917 608 625
255 647 785 18
750 971 204 542
505 376 811 638
214 772 771 400
839 521 360 825
913 258 290 554
780 494 223 928
811 834 473 253
976 637 54 37
26 494 483 777
455 283 767 30
211 578 865 36
183 193 988 803
671 302 339 737
571 3 932 824
851 767 451 379
966 539 343 189
609 53 266 948
790 189 304 618
431 588 118 981
372 770 105 275
230 623 930 329
202 400 662 926
522 902 107 175
381 689 927 941
54 367 475 91
163 405 772 718
158 786 513 140
661 966 38 598
398 367 26 951
19 305 673 719
516 836 200 180
805 607 99 165
636 138 337 876
799 230 12 778
458 919 906 75
243 243 825 901
218 127 994 421
334 975 55 524
738 274 274 996
349 870 66 153
154 920 757 79
213 647 735 244
668 327 106 26
208 350 681 801
767 330 421 939
718 316 192 41
226 225 555 616
285 625 738 122
446 191 830 534
313 467 994 839
344 440 782 968
732 349 29 923
526 899 846 196
336 229 795 995
791 176 128 980
922 874 638 267
932 189 273 784
85 119 980 422
700 805 244 249
362 64 54 487
742 976 245 701
698 331 156 912
909 251 411 871
679 839 305 180
728 13 96 282
591 775 52 365
915 660 575 159
146 671 446 266
817 851 511 413
568 237 77 604
989 24 58 278
450 633 758 26
314 487 881 20
536 892 848 329
990 907 389 549
333 427 698 985
725 931 357 614
175 697 580 24
378 570 88 105
724 774 390 30
681 870 331 398
799 507 531 825
302 814 730 6
794 392 205 867
876 246 404 560
996 556 287 950
621 589 959 105
93 81 855 342
113 262 959 914
793 26 39 361
467 894 217 583
615 984 304 56
191 696 769 10
942 825 403 546
144 29 967 558
152 931 407 661
223 938 545 608
288 763 747 200
312 291 641 662
143 138 818 924
478 106 10 787
221 675 976 301
30 119 439 426
33 5 789 506
722 83 378 431
663 417 204 26
700 634 366 155
529 694 253 128
705 976 211 443
429 164 0 807
947 663 225 400
40 781 778 93
768 625 180 238
48 345 486 738
543 92 866 600
420 430 44 849
946 396 9 894
411 586 973 182
287 505 698 123
74 742 324 20
490 685 40 249
830 442 78 864
712 504 252 861
147 875 453 401
960 206 532 748
164 32 973 848
761 577 61 908
804 539 388 985
846 553 17 255
311 623 793 370
424 906 745 481
472 873 910 100
669 869 967 479
108 814 384 478
421 696 163 223
268 587 821 59
659 603 942 183
910 532 55 3
671 882 968 452
406 71 988 973
593 618 280 124
658 303 358 591
89 549 353 872
480 617 69 237
952 14 445 924
567 77 49 578
733 759 231 14
858 64 79 356
178 976 983 247
213 935 697 222
505 218 205 979
180 63 545 589
992 529 189 206
816 803 274 368
214 971 488 703
717 537 277 223
756 673 389 313
653 569 376 48
732 313 329 783
437 673 51 195
578 328 999 7
728 728 41 293
308 722 814 254
509 393 79 937
438 431 159 999
331 552 812 811
0 737 667 485
214 518 800 29
773 661 293 205
997 731 602 147
292 933 924 325
9 12 263 490
889 477 360 41
858 485 193 995
190 190 483 681
678 128 417 890
55 426 902 754
952 77 45 927
87 903 765 142
240 958 501 568
312 336 12 711
529 964 788 38
532 707 18 72
62 508 509 68
893 229 4 666
414 533 924 162
262 361 4 764
517 658 44 912
300 633 902 278
985 772 565 341
888 82 589 363
629 377 274 883
297 582 558 238
945 188 125 509
961 508 313 852
806 519 63 130
624 595 970 260
977 95 121 938
955 299 503 906
139 284 414 667
150 486 722 813
586 4 924 709
25 253 550 574
937 240 189 529
612 396 985 686
561 571 220 869
859 412 332 8
56 767 339 65
239 676 759 178
129 309 520 864
839 272 456 667
183 849 986 249
0 2 688 419
823 64 90 703
476 274 20 837
273 795 539 451
880 525 52 232
879 93 157 898
511 600 904 201
412 340 113 785
529 739 276 478
736 156 412 555
744 317 313 874
11 173 849 635
573 275 320 568
406 958 802 380
380 448 919 45
675 283 270 792
151 762 694 351
581 14 271 339
972 912 318 476
814 41 283 969
422 663 728 407
768 661 266 974
608 432 319 164
247 640 809 257
41 75 859 599
244 613 921 200
546 315 996 698
809 736 153 253
710 699 149 331
380 917 916 565
162 726 694 69
555 673 926 938
760 846 191 232
854 166 474 804
793 989 530 95
680 576 164 235
250 743 727 13
998 810 746 415
434 600 778 156
915 458 221 749
752 445 213 737
451 794 183 414
616 210 143 483
376 188 818 550
882 34 383 729
777 334 136 607
149 752 994 199
389 745 941 409
865 324 490 994
10 422 364 923
115 105 484 415
648 259 355 702
755 43 136 913
868 530 573 149
446 937 172 384
694 8 151 694
619 226 241 617
125 933 635 58
228 123 971 448
654 896 185 22
13 580 467 185
964 513 207 165
694 334 281 935
951 407 664 820
331 635 884 218
789 69 434 779
755 128 415 417
795 988 195 335
560 878 143 381
51 898 861 165
935 629 470 164
292 382 782 6
495 730 198 176
954 780 87 29
463 482 996 26
797 521 340 172
674 999 5 609
538 635 18 281
999 277 358 939
766 821 470 247
169 360 963 689
770 981 258 174
506 968 789 592
387 988 36 122
874 506 369 44
219 604 750 71
472 257 882 621
520 397 996 104
711 33 226 585
891 947 551 499
44 410 979 667
391 793 964 142
216 788 958 13
357 955 6 583
642 987 109 700
611 73 214 945
787 292 253 888
293 962 997 215
607 306 33 716
358 996 0 427
595 253 2 950
750 811 262 420
90 260 635 697
918 20 506 966
104 101 441 441
858 485 14 121
905 105 471 849
136 330 816 592
783 739 157 213
856 414 318 941
658 825 296 570
449 927 850 332
386 673 3 349
818 787 264 319
291 140 875 500
352 731 914 22
24 572 980 985
722 514 307 975
277 153 623 524
850 956 470 73
649 685 990 18
994 966 26 396
136 802 777 277
948 752 60 16
722 882 441 372
568 544 211 143
764 699 297 116
494 74 746 442
178 252 951 520
862 827 134 200
975 250 698 816
835 228 334 708
413 638 79 199
946 777 16 134
357 436 914 177
125 10 794 867
186 612 458 73
98 939 626 177
138 925 411 664
591 325 193 68
336 15 801 579
282 317 677 895
904 88 559 495
413 752 960 297
907 242 116 574
98 793 469 354
881 380 484 116
748 603 246 174
660 206 69 483
108 55 981 633
370 803 987 252
183 188 623 982
331 869 642 142
883 617 263 267
21 879 496 199
888 117 446 381
198 748 732 292
182 178 673 733
926 730 448 180
836 464 126 16
148 237 533 634
119 266 444 599
34 723 681 976
737 129 156 925
945 559 261 966
69 739 980 164
822 562 196 41
621 474 940 918
803 237 204 899
803 186 469 779
8 449 296 182
11 218 538 560
611 511 929 164
738 70 102 551
64 750 733 428
320 623 940 64
890 679 381 23
585 466 90 791
540 577 287 159
984 132 569 919
475 950 749 81
137 130 597 907
331 39 50 871
616 920 32 215
794 9 413 545
573 749 29 494
21 504 797 770
586 934 901 42
9 850 889 0
916 857 313 93
26 727 956 346
400 334 73 39
286 902 679 75
343 560 600 34
339 408 662 812
516 414 146 942
805 784 51 242
297 390 923 826
319 421 768 124
206 964 989 74
264 439 898 777
736 834 120 529
606 228 0 486
943 612 518 281
572 688 218 295
172 338 788 872
982 674 307 374
189 457 525 712
310 327 564 970
54 753 427 470
359 220 684 833
740 650 304 77
851 687 97 162
876 179 243 461
81 807 431 487
913 210 430 994
810 523 154 936
194 44 517 860
972 967 498 172
602 741 985 35
900 768 522 165
979 479 473 952
284 470 969 42
723 941 9 97
789 507 468 957
464 105 779 882
693 449 260 36
365 621 865 121
703 320 96 951
403 461 950 120
506 983 127 8
500 645 979 974
628 758 228 493
231 283 943 745
201 940 952 637
518 804 130 262
960 711 700 311
137 643 801 997
523 671 873 931
68 833 642 175
24 989 800 138
634 685 330 54
305 265 556 823
567 357 256 668
87 899 913 30
47 243 860 918
386 417 748 859
886 348 559 618
860 944 493 476
686 241 335 572
589 449 78 701
134 798 475 376
620 968 230 502
341 297 89 938
192 575 737 8
863 116 366 535
976 475 677 982
444 537 15 229
61 674 969 323
501 335 162 77
870 839 59 314
729 885 336 211
162 351 476 625
290 445 883 6
123 786 806 83
672 634 60 314
79 360 870 80
505 809 252 415
975 312 407 898
464 566 961 72
702 495 353 754
256 970 0 229
92 407 973 109
930 287 181 632
134 363 964 934
8 438 656 889
536 290 5 541
20 613 842 955
779 321 163 687
532 80 969 397
830 157 153 913
759 348 220 890
21 436 346 804
581 442 915 699
229 237 746 815
951 797 202 105
62 313 453 635
555 474 71 901
630 4 53 800
306 607 729 167
783 424 143 819
18 49 664 633
292 513 655 134
338 790 910 256
640 406 238 30
40 254 912 639
356 317 958 917
353 974 923 583
256 632 900 67
995 704 418 325
351 538 749 906
138 234 677 560
14 953 585 395
690 932 407 446
348 873 748 462
632 990 211 661
902 578 201 903
792 891 465 436
462 873 98 421
822 746 263 146
496 364 101 108
5 654 897 200
393 398 843 676
280 458 822 777
822 134 257 528
657 751 136 111
860 493 374 847
217 569 523 850
28 697 979 202
831 588 340 219
951 200 84 552
